2486
2053
2621
231
760
4901
1435
7446
8171
507
2379
3579
6287
2361
3182
556
3665
1631
5513
7841
7493
4451
1850
3476
4468
3412
2832
431
1483
1263
7923
2603
1768
1794
1519
4215
4918
6072
812
2
1962
1593
4484
51
517
4167
9426
3915
2921
2185
1937
6811
5778
3706
1735
1501
2310
3500
451
59
3011
861
3843
338
2063
327
283
2448
1282
2252
1467
216
1028
22
3011
694
2582
1062
2701
840
4962
2632
471
617
1372
3649
5476
1293
327
6760
1680
1747
5641
641
4586
2271
8574
4900
615
919
7494
1706
4707
3159
3497
1594
1460
866
939
4291
1020
3083
5017
1656
1472
3269
2107
3402
2096
1210
92
5837
6632
3870
3032
1850
2993
198
1286
962
486
2117
1440
3425
4639
5535
3155
1119
6556
382
471
5258
1324
2152
3318
7484
9006
3549
1825
2775
985
6879
4403
387
242
1528
4002
157
4216
2491
2203
7832
4131
2103
1214
4284
2708
2657
1179
657
3784
888
3786
1394
1173
92
3485
2492
775
4828
1461
1645
4339
3055
4033
2708
53
445
2739
5818
255
1186
7717
1293
4041
5196
8791
3621
1033
6812
937
4241
8036
40
2487
3944
3747
3198
6371
1150
1752
2416
1066
438
7443
4917
21
4606
3655
1634
943
4900
2390
4345
5171
5221
4632
5730
1428
829
1945
4433
2356
5902
6051
1447
5348
7257
7456
3735
3891
568
2416
1956
2603
1372
685
4533
4943
3937
356
4044
2890
3993
947
244
1761
2310
4762
1082
7514
8550
7933
6887
2603
1768
8311
1347
92
6457
3378
157
2448
9
4525
4777
904
1516
1913
1760
6721
6819
3324
4886
1732
805
415
2031
7509
1091
3667
7747
1697
2017
1735
2014
1400
7293
2416
715
837
2206
5597
3891
1577
1877
5651
2345
584
532
1824
6261
73
1467
2547
1282
930
350
4805
2682
397
6598
2120
6798
1112
1147
5853
998
2781
598
5995
2739
2515
1258
4565
4976
4108
2904
1887
1959
3633
8030
568
1343
1637
1569
9549
1572
1249
8633
8814
2311
2023
2357
2370
4057
6390
1610
859
702
5444
89
22
6383
1008
4114
4139
2775
3055
2463
1428
792
1867
218
6284
9079
3370
6272
5844
1991
2172
4058
2151
150
6997
1324
1765
1913
1320
2404
4557
4279
5668
4854
1690
573
2274
1455
1947
1772
1030
40
1910
3516
772
911
9582
4690
7132
3760
8332
630
594
556
845
147
8165
300
4722
5597
3961
4621
1165
1306
7503
1913
1700
2640
1732
7604
9138
1851
9510
517
4273
7975
55
239
338
2446
3669
203
251
226
4258
2876
878
5637
653
772
6506
5473
212
359
2221
6866
692
7204
123
217
51
6045
6666
1483
6736
8158
2007
1763
7534
330
1317
8767
829
8184
1119
736
1756
6997
849
3883
4418
560
1534
1062
6756
194
18
194
3237
2072
237
2866
472
5928
4880
3289
1628
4306
2599
216
6193
1078
1367
5515
872
2448
4114
1074
835
8588
3970
1244
5102
5324
603
194
749
638
2225
3717
9405
2102
3636
458
5174
2961
588
755
3288
2759
7633
1794
1906
2562
4470
638
4468
272
2072
2203
409
5082
4909
2949
4460
4926
897
5
530
2676
2336
429
911
1049
222
498
4356
2011
2052
3946
3436
865
4356
1737
3926
4784
40
2941
3814
746
746
4087
8322
637
8797
657
3527
6376
4914
3247
1424
3311
4737
4886
2307
375
4322
4430
5760
3421
1066
1910
6649
5273
1346
4972
176
1165
1306
4193
124
4874
1755
5762
4954
259
1621
1233
1824
8281
6782
2391
7901
2211
1810
1845
6220
1715
792
1611
4367
2624
538
702
4000
1239
1211
364
4557
7048
2775
658
3302
2802
1557
7122
878
881
5606
5142
3880
5297
3701
2102
6032
5792
2256
2307
7071
1336
7591
4024
967
5222
6990
959
1366
749
2943
3926
7558
3094
7059
2827
5130
715
8489
6021
4291
275
2241
928
2179
2487
487
373
3006
4842
1169
2624
259
3822
7586
4372
5115
7927
8340
3771
1197
3968
755
832
1853
7734
6158
7355
3756
6462
973
8080
262
673
2701
3032
1043
4433
3567
4387
7426
5962
1835
40
948
5273
2886
666
2747
1398
138
653
3337
51
4979
2628
2037
7663
5432
5017
2805
5283
2582
2673
3120
5555
8039
382
196
3915
4994
2503
7037
2169
3880
2144
3626
275
247
1867
6457
1916
1593
589
4957
1585
4117
1715
777
6606
2308
1791
4874
812
2738
4226
7007
1686
160
292
1850
4477
356
5087
364
5816
1539
2112
6368
3703
1117
2398
1400
2250
998
2017
7776
2011
18
1659
9092
6957
2293
109
8198
94
2496
1090
251
7434
1400
2669
2336
2225
1969
787
3830
4900
1593
75
3457
241
4756
4131
1076
292
2005
3151
7198
1156
5286
1429
222
3690
40
1916
4737
4105
3519
4332
594
3087
897
1498
465
705
173
2983
2213
7
568
2768
746
3302
765
2256
5084
2305
2094
1507
1988
7994
2859
5889
677
697
683
2341
1151
2144
4689
98
4739
2547
237
3500
5210
663
7484
1258
148
7777
320
1052
294
4686
3908
2192
2341
4285
2187
1862
715
2349
4530
6798
7717
3259
2752
4703
3263
1191
5141
3572
331
3337
6202
2611
603
2775
5013
3841
1113
4303
1642
4861
2560
2580
6547
3288
1241
832
465
1661
677
429
977
3756
529
1862
3418
2114
670
5463
1893
1715
3579
1711
8680
477
4484
3208
3782
3173
4816
4722
3297
1267
6979
6486
1680
1410
5473
605
1784
7643
537
7633
4326
412
843
2065
2164
1634
5569
1382
881
1661
6836
3424
3658
8907
973
4819
2098
2613
431
862
3870
797
5394
1253
3640
2987
4291
241
6567
2182
645
5496
4273
4430
5068
2052
34
442
4604
7098
7944
2135
2608
1864
191
3839
971
5283
5017
3601
1045
4233
1674
2040
721
5694
6082
9089
9079
212
736
1472
1708
6112
7314
127
475
2798
1680
1794
2496
2293
6344
772
1735
4676
2500
5686
6742
962
3975
2266
2386
3453
347
4095
994
1607
4694
837
1142
6585
573
1945
7860
100
2533
3342
3476
4363
4279
171
3109
746
2689
2145
1201
2997
1947
3011
5606
167
1937
47
4715
5311
6352
1199
3830
2341
6897
6051
5378
6305
7959
2775
4784
4496
887
2087
7961
21
1688
1451
138
1735
2496
5619
3011
475
5320
2841
4475
2708
736
303
2402
2063
6995
988
2158
1069
2547
570
7725
2069
4880
2618
1424
1129
7955
1134
2169
1988
2862
3095
5017
4621
1398
114
2909
3984
4659
5840
4131
1513
1366
2780
535
2336
1516
1091
5290
2462
2182
4417
4956
4636
7017
2978
7569
4197
5799
114
1979
4853
975
1626
1440
138
3631
1983
1416
409
2603
4127
7774
5302
5971
2957
3795
92
4530
2964
2276
7953
404
2278
3016
491
465
809
1093
5121
3182
3346
1881
3958
4850
1146
7456
3567
1314
480
1680
527
579
1563
1789
3646
2244
4382
2487
1824
2997
2752
2363
1044
1735
2611
1458
8140
1273
3353
7327
6486
1165
2472
266
3358
7532
447
4322
1755
3344
1561
468
4629
6325
6349
1855
2491
1460
1728
1267
3484
5501
7441
1312
3308
1877
2716
973
1887
1137
5515
1424
1739
1972
4979
1904
2666
4475
659
89
8642
7271
1654
226
3855
1688
3225
630
4670
1596
4516
479
5796
5141
4756
3337
1009
1949
7619
4070
8041
2311
956
5317
702
7311
1487
3937
1374
7763
6195
3719
7204
2571
710
486
1253
6869
6590
5038
817
465
345
3918
5429
9712
3125
3543
2643
4261
2007
959
1706
2300
6625
1455
861
1088
1483
256
6573
3728
133
4192
4999
6789
6814
5702
2430
7617
2152
7035
1349
1451
1503
2747
3752
2052
4484
2542
2019
287
4739
5810
2809
176
4297
1534
1728
1076
971
4499
1008
7250
3308
2193
2500
6639
934
2459
26
1946
420
1833
272
850
1126
8002
1275
4332
7449
3242
198
2225
2990
6438
633
2833
451
4261
3258
4840
4683
2571
2708
5358
5401
3764
7180
1882
3040
2232
2720
2586
3063
736
1082
3993
2496
7736
5884
2102
494
2491
6338
4207
3643
7747
906
2071
6220
1330
445
2333
3063
2832
8605
4793
2614
5549
1355
387
2987
1363
7255
2634
6589
1312
1339
3439
2666
6844
3933
2768
152
3311
82
40
1151
6297
9262
2666
1976
1511
200
8135
2696
2187
3320
1543
1614
1028
5523
6749
2318
775
3484
5664
4186
119
843
7536
131
6744
3683
31
489
4478
1520
835
736
1600
8028
3226
4457
1838
285
257
2021
2042
6075
2260
769
3379
1539
1222
3894
1157
718
3476
2255
216
465
6549
2929
545
1262
3968
1670
5361
4279
266
7086
2182
5454
622
6611
511
1539
658
4287
4067
6931
3221
936
820
3045
4339
3208
436
2968
458
6678
5799
2071
2787
1222
3595
4809
1043
4976
545
3232
6838
8504
83
552
1020
1222
409
556
1341
1598
4021
1539
313
4060
4866
157
715
1270
7055
1625
3412
7669
7071
7353
7957
2419
285
9322
4105
1944
3754
1204
2689
1569
5896
2281
7122
433
4117
2650
635
232
4403
1797
320
2071
272
2852
6138
4707
3756
7229
112
895
6333
292
738
1438
1133
5761
3519
5960
6254
139
7695
196
6711
6417
59
3176
2463
3342
2491
622
1074
9417
6920
2079
975
2052
214
1772
1602
1176
2452
94
1448
6851
3267
6768
3000
3077
2117
406
2363
4167
2640
3671
8466
2542
8207
540
2359
6146
5713
1735
1887
723
1904
1448
792
8102
3375
2624
2708
283
7930
362
1902
9372
2546
402
681
1197
3616
5904
2738
5636
7385
3692
7945
330
458
4199
92
1700
2052
1715
7133
3893
1180
6585
4506
2079
2049
7717
176
3880
5283
103
694
1674
6383
3167
5365
4816
4190
733
891
344
2087
2526
3851
1820
7284
4502
6668
3361
494
1804
333
1931
1308
2879
1384
7465
5434
92
907
1049
1913
3819
6216
6609
7047
9034
6862
1269
303
5931
3849
3257
1972
5792
200
1060
2019
954
1523
1379
3430
8284
4414
2204
6349
8394
755
4502
666
1428
2185
3229
2336
2500
6084
296
2759
3055
4197
2169
5038
6063
2832
1121
5017
1732
688
1428
3299
3904
1186
4536
289
746
5900
5444
1810
344
7364
1028
3257
3258
77
409
568
7047
936
643
3037
7745
4972
2752
308
3707
7132
1258
640
1737
2660
615
1346
90
719
77
4940
1585
9
1273
6749
3551
2156
6534
783
5225
1204
212
5196
2652
3830
3941
765
3169
638
7397
3514
4231
6167
3264
507
179
1489
1258
5196
2634
1789
3795
622
845
947
2762
287
496
330
4304
2351
2058
971
6258
1835
765
4708
2377
2812
731
1217
1339
5348
3432
1414
7265
721
2486
579
3147
7604
100
1557
2108
622
1680
2765
2486
2566
2196
7346
3428
4664
1420
3371
1159
627
107
6087
1282
4151
5985
338
6193
3120
1882
1908
4117
3407
3349
1666
3249
6570
6660
1090
699
2294
1525
3140
641
2419
829
183
2142
8046
5593
460
5144
3466
3237
2271
2005
2689
965
1400
2727
7372
2436
4441
420
7081
1074
8320
1207
5377
5199
2994
1874
4952
5321
1306
718
5779
8302
1467
5373
3660
655
620
278
1418
540
2014
2705
3068
2341
1775
8516
4846
2071
2244
3613
3870
3113
139
699
1334
4707
681
4148
468
675
207
637
6900
3484
5757
6622
7367
6768
4947
4499
73
1270
1893
2198
3383
1552
5673
3983
1086
272
8069
4279
2285
7774
4354
147
9278
13
640
473
491
2021
1902
3503
7028
1487
556
6606
637
1725
934
1645
1334
2413
4917
5555
507
4728
369
6653
2941
3977
5130
740
2793
998
3722
2096
697
1363
6167
3500
863
2386
562
2726
4698
3342
921
2817
303
1876
416
4972
646
3006
7549
1532
2666
3308
2618
6069
4715
1763
2640
1316
8284
92
6338
835
1142
483
5199
2091
2492
4172
6834
238
655
2307
2455
1394
8662
2571
600
2206
1214
8770
1003
579
5826
3013
7743
147
3257
4499
3531
2300
486
5760
570
625
4425
1199
356
3473
686
6165
977
2421
3036
3439
140
3488
962
3328
6056
2265
8328
491
3050
167
3201
2042
5765
4949
100
356
5414
2893
2221
3836
3213
1467
5581
2372
2452
2491
975
3527
2877
2978
214
26
4907
6115
1117
5432
4836
4105
727
3572
216
296
4499
4225
311
1784
103
4000
1003
373
356
222
2867
4836
1193
292
511
2268
94
2355
338
4199
5285
3036
780
3063
4821
2063
1577
4837
9195
2225
1749
6199
1525
2487
2330
3253
4621
5728
1962
1176
2079
2262
6
1996
5320
1757
681
2837
1320
1298
1993
775
7461
529
3849
1996
3455
7832
4326
6531
6675
5840
1308
1428
4076
1052
4357
1470
1255
4041
147
1126
2784
150
701
486
1913
2548
2198
2708
1341
5073
2912
9017
2250
2112
6914
2994
5315
1778
5555
1156
699
5732
1938
382
327
455
1972
7351
112
2315
68
2232
2735
394
1062
1814
608
1146
5915
3103
4245
1394
3269
7680
514
1448
1557
344
472
2094
2793
1316
2708
119
6009
5540
2427
7728
2333
4801
2536
4775
1398
2684
7500
4743
4050
28
2814
922
2031
1201
6848
1979
4292
2789
7428
157
3059
6789
2139
2285
8291
5218
217
442
707
1306
3364
683
579
1994
777
2798
6502
637
4935
3567
1678
6866
412
1266
3155
4171
4117
2297
1241
3983
3251
7561
3189
1420
1138
538
1991
6002
4598
8733
1642
1224
3593
888
47
7207
180
5518
556
1552
7089
2443
1673
3977
4542
1060
3068
2512
2912
579
584
1904
1467
3756
300
7540
4648
1286
4038
6828
2568
241
4407
283
415
5702
2007
2126
560
2941
80
1286
169
5731
5375
1650
1222
560
1509
26
3552
1862
4726
196
840
1165
4659
114
4837
5484
8673
4595
1692
2669
194
401
77
179
2458
1458
6213
1020
1220
2074
1628
887
5498
266
3522
6666
5428
2060
2380
903
5000
4495
6072
1645
1976
1507
7743
3405
2304
3827
5115
1787
6144
1024
3032
3623
205
2775
1275
4393
829
4648
2368
2603
1293
4376
4878
1336
3151
3608
4985
1492
2550
1663
7352
3269
2538
6096
3198
2017
2566
7940
222
5293
3743
2568
2169
2862
579
2624
15
379
1625
1645
3436
1424
4733
4891
2616
1483
179
1579
3109
4979
1598
1106
191
480
2085
3212
9278
663
2375
5996
2480
1732
994
4599
3928
205
3581
2862
6742
615
1165
3191
455
6990
1180
5560
4878
3176
2145
542
5732
5181
2177
1988
1555
8670
3638
5902
6004
333
2591
4502
3032
3261
5877
3072
3259
1663
5631
308
7219
251
1908
6179
1747
3731
4558
5118
4115
289
7402
1451
3189
1579
5215
6320
1461
2452
2336
560
5801
1988
8165
701
753
3032
7227
3087
3441
5392
2040
3120
3450
6872
8416
4889
429
9315
2026
681
1921
3908
3242
2486
5461
3572
3370
1713
1593
6957
556
2696
4197
1902
2660
5513
2390
3232
262
4844
1133
6797
5423
2971
4667
4523
4475
2372
3519
1440
4523
3608
3050
4985
8276
6620
2416
1134
7663
1177
3368
2978
3918
4008
1547
8469
2564
1516
4544
5144
2117
1336
2096
1380
8291
105
40
5843
1308
31
2071
6309
2115
5111
4527
373
6589
1944
1123
4614
2225
692
4438
4621
1069
617
91
659
5317
707
7102
1862
5237
760
1244
1565
6786
3540
7339
1772
2128
2789
5478
579
775
3421
1988
1937
1207
2262
579
5560
7196
4737
313
287
4375
3221
1848
1015
843
3981
6377
524
911
1428
2980
1804
6220
4048
28
1964
8424
6538
718
670
6126
1058
8411
883
4870
3631
3386
4814
3484
3229
3464
436
2650
4475
817
730
6834
2343
520
5801
7784
765
26
1060
4393
477
89
5664
7667
5048
3784
2971
9102
205
8174
3098
809
2912
350
5843
2949
2868
3159
2230
4041
2924
6491
5444
3806
809
5345
928
4588
681
906
257
6041
3288
5354
5168
4625
7517
6158
4715
3187
5243
5233
1637
973
2368
760
9130
7731
9144
2460
3784
2566
1925
1398
794
2135
6041
4273
7820
1547
4167
883
483
1944
2052
2980
3075
1121
540
8184
1298
1062
452
138
5124
4163
4994
1645
2255
4108
2628
1336
5631
1513
4186
2455
986
5102
5516
2370
2757
5006
985
124
1535
4464
6697
4959
1976
934
1678
948
341
2575
5075
5158
7561
4038
3024
3491
384
216
4593
5525
1368
4308
7071
5179
2037
15
1184
2854
5013
5713
7379
3843
736
1890
1862
5082
1210
1049
640
5381
3269
6132
3292
4465
6539
5819
600
1483
1314
556
278
532
7181
169
3349
2090
34
1146
4648
861
7489
3415
150
4593
1954
382
5792
3557
3013
746
55
421
3909
6775
7281
5856
2906
2014
878
3027
5940
4428
4045
1014
4021
6820
4816
3151
3819
3473
3098
1429
6692
6132
6451
1749
5219
1799
373
2049
4376
2982
901
6780
6985
3203
3184
280
1165
4076
7340
3617
4557
892
4941
8011
6021
5367
2500
2094
738
1126
765
1996
943
1483
6879
5873
2368
3642
1086
1720
1447
1320
1308
4367
765
2203
2372
568
4864
947
2875
718
5126
2618
783
640
4750
1384
2717
3533
2820
9074
7475
4540
133
68
1784
7866
6999
6905
5339
3665
2548
3109
2937
2542
2717
1543
4430
3686
5279
663
4533
6282
3752
4199
3066
9325
1555
13
1940
872
179
1451
6742
121
31
2729
3187
1630
5034
659
5853
1723
1933
8230
147
5345
3915
1867
954
1653
3236
7991
4530
2640
1667
1716
4635
3426
6625
1937
109
7325
1560
2391
1625
638
3855
673
3476
3527
608
362
1851
373
8460
1810
5060
7335
6276
6536
2945
4560
2304
1330
7022
5948
2757
1225
6009
5283
7992
2941
736
1720
5860
5776
1822
3251
4657
4145
3987
653
1944
3782
7845
4279
3069
1501
4739
1525
3562
1341
5221
1661
1991
5964
2523
2624
2390
1941
121
1472
2293
3277
216
537
3561
4057
1498
3223
1214
3189
2512
26
2708
2162
3051
1475
5796
5776
5884
4322
5576
5631
2722
280
1191
3412
8592
2189
5145
2726
3086
194
1979
2743
34
3428
824
6047
1197
5585
1824
3007
2258
1887
1888
1628
335
2741
2007
959
3679
2179
216
1887
4112
2091
2768
1264
4403
6462
1126
5801
449
3334
5722
9390
643
8009
1379
114
1110
1851
7870
2416
9184
1150
4308
2446
2380
2757
3717
8924
131
4741
5186
2330
3830
2684
2419
160
3360
617
7318
2787
3050
6396
436
2807
8581
2255
5339
3149
2605
2957
537
445
2852
1710
8353
8411
812
4339
3858
2807
1728
1088
1686
2276
5218
5813
4800
809
832
2377
5036
1881
375
4038
878
3665
465
2735
2157
1962
6253
2150
2753
5288
5203
6358
157
362
1049
1211
4588
4053
3712
6609
1083
6287
1725
5661
147
3863
6440
2196
1424
1428
715
1890
2557
2770
5889
1666
2448
1330
4807
214
7792
2646
278
2230
8317
4617
565
2844
1351
6440
4220
4777
1645
2436
4111
5895
6786
769
4698
5340
1598
165
3900
1490
881
1448
2250
1713
4976
6935
255
203
5602
2948
4694
3601
3455
1953
817
4965
4345
1197
445
2761
2210
685
2701
805
2185
91
5077
1913
1569
3279
1503
6299
4002
5744
1312
7873
1339
4576
4070
1711
1828
8767
2091
4241
6544
4484
1153
2846
5192
1732
6103
8702
2060
347
3178
7122
878
10
2058
4414
6534
4167
1969
1588
3527
7272
1684
1787
5263
1398
535
3495
1314
1577
73
133
1899
3590
1469
3800
4979
3152
872
3324
670
3014
5240
1623
4468
2283
2608
4269
7028
1887
2377
6851
1732
1105
318
200
5576
1735
2480
2486
1394
1737
94
2642
1181
6488
3407
1228
874
4021
1353
1090
7055
2044
7509
1501
4617
1499
645
3130
163
397
1876
6640
3063
1306
303
2548
3339
1614
3472
973
3229
4690
433
7032
1110
7278
4105
6660
8942
2832
1781
1739
1645
859
157
4316
845
1947
1054
255
13
423
3527
4303
1941
359
7894
527
667
5067
2694
2252
2393
1813
1028
7725
5326
4988
5011
2599
4788
3120
4656
324
3027
2440
2491
4389
8456
423
2448
6634
3316
3788
7785
4028
2647
340
7715
4266
4780
5590
2897
3277
1965
2757
4352
2741
1983
2515
2573
259
2189
5034
2260
147
1959
7137
701
3342
6771
5944
1406
835
1619
5179
1501
759
1288
5324
5243
1659
560
3568
7210
3648
2263
6842
4812
1247
7346
829
188
5863
6555
2028
6412
4188
5784
2419
3297
743
787
8299
2866
1400
1794
344
1440
2820
112
5454
5098
1824
1424
4463
677
1867
292
2096
3187
5356
1680
5648
212
603
4142
2058
147
824
150
226
5040
1079
5130
8128
9276
4312
7022
1366
6261
2189
6457
3561
8878
3901
251
1507
192
1054
2476
2793
1113
1519
2333
1458
1191
3305
356
1037
4511
6168
2832
251
1557
570
1962
1838
95
75
3109
4241
1306
3159
3836
2052
4238
1789
4657
6742
209
1611
5321
4209
1222
1899
749
1893
689
1150
598
1653
2216
5898
1204
1818
6100
4045
2575
1626
4432
1600
5006
9677
916
8080
584
5790
3415
2368
2467
3739
4784
643
1732
936
4060
7577
2355
501
2238
1924
77
540
3489
4016
86
2657
2341
898
7099
6772
6225
251
292
4133
2218
6889
3229
2640
2255
3999
2467
803
188
985
2182
1623
1498
1105
5621
3484
4084
173
2608
4807
1993
2826
1893
7532
6061
843
1306
3509
670
5414
1663
1045
3208
769
1611
6639
5509
1479
5339
2434
2500
8222
3198
2304
549
2011
8783
5328
775
2361
6349
6103
2604
5394
3646
513
2042
1668
4819
3236
2749
2079
1962
3849
3098
1565
4533
549
1706
620
4648
3613
2017
694
3203
7828
3401
2548
4691
2266
13
4105
4947
794
1384
6228
2501
2258
6078
4784
1355
3626
2907
1547
6549
18
5996
3100
5935
330
183
851
568
2382
2634
3851
1121
1563
1937
2492
2120
68
9189
2355
1138
1938
1078
6053
727
6786
3776
751
4883
835
4566
7536
373
2568
18
7260
3527
3956
6369
404
5054
4743
1645
7051
1376
6791
3717
645
4067
4628
1735
3767
4438
1625
759
2393
1814
3258
1237
1555
5225
468
6742
2175
1988
2377
919
2311
8037
1286
2172
90
8872
3798
881
2588
8662
2401
2542
1867
3242
1937
1069
1820
2486
2775
4954
2227
1711
394
5515
1997
2997
140
939
2536
1874
5863
8883
3421
4762
324
5109
4345
4756
605
2701
2957
101
928
2033
1723
21
1349
1577
6291
3147
1363
79
2646
4410
4775
840
552
212
2634
1306
2531
1169
1810
397
3533
6446
874
266
1214
556
2065
4795
982
775
2137
1755
4499
1690
3665
2368
618
219
9294
90
4233
5133
2481
3178
928
999
2752
2832
5093
7043
1532
4814
1249
8085
3401
1035
2058
5853
387
8486
6927
142
5648
98
829
3764
1105
5342
4133
7728
44
765
4265
397
4966
3811
5704
4689
266
2425
420
4511
4084
2198
2738
685
8831
3100
255
2921
8991
3873
746
194
6376
1706
5183
2562
6230
283
21
1082
1186
440
471
3001
5869
280
2221
1086
3034
611
2141
6210
2137
2087
2739
5549
1402
2232
2058
8137
3904
4926
797
789
705
6524
1451
5681
787
7536
2660
4288
366
2085
6069
7637
573
1101
2486
237
1207
2196
3155
4167
1355
861
4595
6035
2232
530
2014
458
540
2780
5285
8825
1804
2232
4076
5406
160
3100
4215
5034
4737
7805
2518
1525
266
2017
2307
603
6239
883
1545
721
2895
2404
2500
2879
4362
1066
2636
6620
2904
489
1944
2345
1931
2395
6550
4878
409
1614
3094
1448
4440
8676
5688
5352
1308
2784
174
4907
849
1765
1147
1607
2866
6524
1787
527
3375
2221
1913
6925
1447
5810
2244
635
3522
4381
6055
3968
5921
1330
5071
1924
75
1845
4291
4348
973
833
1410
3050
2395
740
179
1825
5802
916
784
1747
2310
5240
5186
851
777
6404
2040
6475
8159
2893
7951
916
3421
4125
3687
2343
1723
1532
5040
3058
452
440
2640
1913
2537
1379
2599
287
2235
5339
4251
4324
2290
2304
2775
865
1176
5823
4472
5330
692
617
6171
135
3212
1379
4819
6058
1507
3923
6383
1735
1525
340
5753
3318
3113
3822
387
4883
647
755
2375
3001
379
2682
4145
3923
2262
5326
6827
1400
1680
94
1110
552
6284
2820
1312
2906
3814
861
3288
1230
3956
4580
6134
2377
3136
1637
4840
3559
5377
3094
2037
1312
1778
6120
630
2548
5928
7311
1472
7849
6803
4490
7887
379
477
1614
1460
3416
699
934
633
1093
1905
7207
3660
3832
2427
1129
861
382
229
2586
4703
3567
2650
2026
4840
4148
2150
7614
4055
402
1269
6079
1363
1083
7340
973
2590
4612
3421
2480
5724
4560
2129
5718
1715
833
1623
8025
5658
1015
4258
2067
1066
2464
1870
809
5142
2250
5276
2586
3488
7975
333
127
4029
7204
2793
1845
1192
3776
278
2542
1916
1398
1168
4372
2566
2017
520
542
6931
2777
5267
2452
850
936
2395
1999
218
617
4630
4762
1979
4171
6567
7156
1156
2133
4245
2238
1346
622
966
267
712
4569
1214
1596
4170
5836
524
8907
1637
89
832
881
3861
2203
3094
7997
4648
3007
5702
3182
4976
1180
1443
1656
6851
6858
6176
6925
121
1940
179
3629
743
330
3608
280
3065
3915
2964
3968
2325
529
1520
394
5540
1735
2912
121
89
7654
3173
6269
2131
287
885
6567
2117
1757
4985
369
4369
2416
1996
68
7850
4375
362
1820
4923
673
4105
1153
5276
2182
5980
4339
232
2082
2304
226
129
2917
1944
237
5579
1363
40
726
2599
710
1913
491
4521
3130
335
1228
1220
5480
2551
4285
1011
1718
1507
2640
670
7484
1474
4503
2343
9095
424
5432
6344
1787
8080
2603
2560
1988
3344
2674
4484
7446
7540
2412
3501
1220
843
2290
2666
7712
5792
300
2174
1953
2141
434
1962
3300
1653
6793
2310
6589
7912
2844
2586
8783
1988
44
7873
1692
1577
715
140
8309
892
3697
2425
431
3543
232
3006
4332
6567
697
954
2271
3795
147
1761
4067
3514
483
1739
2099
1772
3756
7481
5340
440
77
673
6606
3191
2067
3136
903
1143
2459
3351
1121
1876
4451
4878
160
2793
6765
2980
6120
7695
751
4744
8792
1217
40
7246
40
455
3198
4703
4864
9353
772
1044
1850
1614
3956
1469
1602
5918
123
6475
3743
5369
5358
4800
4356
511
840
4733
2290
4448
3210
1723
2304
3191
1008
2646
15
6234
1989
1453
2582
1470
4145
6282
1710
1105
6394
4120
207
3875
1217
1294
147
6697
4375
4696
780
598
440
3551
2446
545
2781
2276
3745
5724
3989
237
292
303
765
3011
6590
8362
5616
4807
5006
797
4179
4254
2213
635
89
3808
4145
3083
4632
8737
885
1253
8317
4190
1134
455
4243
356
1567
3861
2131
4632
5067
2476
1199
726
1201
5027
2290
26
1539
7805
1086
4220
522
643
8055
6325
8265
89
901
6338
1133
4418
8581
1237
901
6582
7472
1835
479
442
1037
1479
433
4061
5744
237
6012
2820
394
1110
4746
317
6004
1552
643
2192
406
610
345
2250
4186
3140
483
859
5373
6699
1428
285
1723
5130
4480
4475
7625
1146
5245
3921
3897
5889
1286
7335
1191
1330
3242
31
4142
1165
2238
966
1266
8080
147
2496
2274
3559
6520
173
4926
2001
7648
5827
287
1791
3557
3855
183
4376
615
3511
8360
5552
5911
5215
6434
350
2793
3938
494
1579
278
2732
6132
3380
1049
133
1772
4812
715
2267
1706
2962
928
603
1818
1503
7622
3103
4378
1079
1143
9775
2957
494
1112
4045
5084
3242
317
653
6013
5567
309
5713
1993
5705
4499
6399
1224
4586
522
549
2206
1991
4197
3559
6082
1634
3034
1376
8105
643
1220
749
4373
3709
916
7
82
1673
4403
5645
2216
4576
2200
3717
465
1521
7503
4199
2238
1174
7007
47
588
1341
4628
2476
2448
463
2071
8926
269
1810
4417
157
3178
4342
5423
5111
2434
5060
4544
2595
1713
3161
399
8109
2325
7405
26
1838
878
409
1470
48
3782
726
6117
7335
3861
1090
9030
1204
5850
2560
2028
766
527
2714
1653
7579
6502
5111
5921
3125
4717
8266
7663
2436
6356
520
1945
1555
2675
2557
4784
581
5473
5168
4148
688
7299
237
5889
5597
1316
5179
5273
1204
1625
2761
2789
6216
1706
5688
231
2235
2368
5884
1574
455
912
1560
1902
7148
1585
3717
563
3595
1976
2293
3722
3182
542
1008
3432
4042
2069
5221
4565
746
7628
1379
3212
1447
253
4067
1552
878
1810
4142
5288
932
3888
4902
5052
3683
511
2158
6041
557
3911
53
552
532
2103
1816
2883
2293
404
1205
746
8037
3236
3688
1792
4496
394
1659
2046
4076
930
760
3252
1930
4878
4907
2179
2729
822
1039
6355
114
4084
4670
998
6471
3199
1306
630
3706
1474
1418
4822
6202
2169
2293
5893
627
2395
1267
2421
3421
943
1183
8117
418
2087
8030
4164
6697
8956
1273
324
2611
7686
483
5273
673
223
973
7575
2669
401
4976
7931
4463
8036
8007
6709
2432
2636
2096
1165
2846
2297
1778
4795
1639
2341
4362
6836
4026
1244
7748
2328
1428
1279
3288
3195
142
3937
241
1156
55
2529
5484
3349
2190
2393
3993
517
2634
511
2096
6994
1619
1088
2399
3646
1946
5722
353
1349
2145
3535
885
3827
1095
3339
4322
3297
1043
2446
6051
2507
1233
4048
2675
6254
269
2628
3811
6576
15
1327
2483
1156
2187
870
1052
431
507
1099
5208
483
2355
7122
1565
6972
3983
4384
2252
15
7614
8907
849
8052
2714
8701
1177
183
1400
4509
1916
7765
670
300
3242
116
148
3272
6258
4923
5196
26
812
8741
5597
2521
6663
28
8794
1253
394
4275
765
3140
237
2542
1184
116
3249
7908
8120
262
3946
105
1980
48
3163
6363
3147
1723
535
402
2551
3050
1818
8362
1101
5073
1018
3330
661
3401
7094
3717
3257
4583
3915
1589
1529
547
6994
1732
598
344
2613
681
1440
2210
1789
1925
1862
4387
382
2216
1366
1547
4233
2399
1824
4965
1621
2304
4768
179
1074
1742
1058
7160
1732
5461
2158
3375
101
4381
1954
1058
451
1780
5096
105
5311
8020
645
2747
1262
184
1585
1400
4947
1565
4816
7928
3863
3147
2260
7092
184
79
1435
977
1054
1083
2296
5087
1756
5048
460
5002
42
2822
6606
4052
765
6537
4703
5215
4562
2410
765
4764
1919
615
3636
1789
3987
760
3130
1410
738
1739
5522
3432
3999
4635
1848
2941
7717
2476
4569
1816
1058
3800
6534
5448
594
6762
2842
1389
160
2416
2529
1418
4420
1334
4917
3295
4612
2091
103
3205
73
625
9286
8058
794
6907
8607
61
5857
977
5401
1965
7526
1825
1400
4828
2546
4356
3040
3075
1363
1479
379
3120
1074
2304
3633
6168
1979
7570
8416
1214
4002
2689
2496
460
5722
4022
6848
133
3058
822
3849
1479
4935
1374
6182
6358
1472
1616
418
688
994
303
1881
7532
6414
6371
1625
4923
1483
4595
2531
2252
928
3973
1179
7910
2949
4766
3613
1363
7156
1408
1940
3312
5226
2436
1294
5315
1199
1270
4010
3798
3337
3988
6075
6622
245
1374
188
5988
6866
1141
8694
591
494
458
6960
936
731
1539
1879
4070
2341
3880
4521
4898
2196
124
2852
588
861
1159
1569
1126
4750
5011
1755
1043
5221
2613
1949
6647
3016
711
5175
280
643
3251
6639
8017
5819
3125
3581
2200
1264
738
2875
5328
59
1663
18
5760
1513
622
1981
2235
958
8748
3322
3251
100
2213
5565
562
2586
1799
552
53
1555
643
4296
69
3589
1919
5267
1003
4741
840
1650
2624
4127
13
192
1416
3683
1453
6834
2099
2430
1448
759
404
2802
5995
3503
549
2031
3557
5317
701
3964
8527
5661
849
4733
1143
5991
3803
5935
2820
5473
7930
608
2518
733
8639
6065
6293
1322
465
5823
2573
5552
1392
116
3722
547
2613
4108
8926
1058
112
3665
1940
489
5476
3232
975
3961
7184
2300
3045
2372
1555
6182
1214
152
4297
3140
2650
1525
5873
1259
4966
3784
2720
2060
759
2355
1475
4926
2512
1288
3086
625
6205
3688
863
2241
2416
1495
1183
2421
3191
5297
184
1557
3439
101
266
40
1756
6399
285
1884
657
9246
2666
911
4225
2890
5104
705
5473
3638
1282
5186
1757
2375
5847
1908
4207
4248
994
2196
4095
1054
6914
2122
1230
1516
8860
2745
1794
1003
535
610
2781
309
1396
800
73
4193
1954
6410
3390
8332
152
3958
5346
3520
6900
7663
1749
3130
4329
4775
2971
2285
6121
2011
2619
3121
3237
865
2152
1582
4428
6972
4864
829
1638
3261
269
2074
6561
2347
1781
962
1301
2787
103
3353
3428
5258
3802
1343
4859
1720
653
2067
7849
4635
395
5297
7527
303
5326
1414
3344
3040
7388
6331
797
180
2640
2379
1028
5555
928
8454
1316
5171
6634
3063
1610
5002
800
2729
985
800
1585
5967
165
3517
2102
2361
1276
471
2883
1237
8830
2413
3300
2859
1902
683
5013
904
5574
1222
1838
5928
1435
1634
843
8009
133
191
2895
3232
813
1016
6600
4916
3468
1334
2646
1082
1560
2662
1447
1035
1755
5576
429
4509
2320
3830
3559
3094
3357
2230
3436
3425
5549
2271
2496
930
5585
4235
6709
2102
4428
1088
1853
4002
1681
4100
3152
1024
5744
2674
579
1673
389
1339
287
5574
4148
320
718
3875
4577
917
327
1366
3795
797
4284
4703
5302
1121
2129
3875
1035
1927
1366
1523
2341
1653
5674
3288
1176
4902
3288
152
2749
2650
2600
2642
9002
2037
2343
6182
3016
6010
3480
1208
535
5609
1670
3545
1191
1816
455
4586
418
4108
3629
1366
2133
2654
6161
8739
5428
1418
772
2512
3236
4387
2455
8117
7119
1979
5749
90
2162
2619
496
198
4514
420
5753
3349
3968
65
1398
4038
1623
1828
1663
2757
1363
863
3802
615
4836
1358
8449
1134
5392
5044
5102
344
792
4784
222
1765
1902
5634
2175
990
2548
1708
100
3187
5576
1949
2049
5130
959
5656
373
6069
1179
1253
59
4084
2379
1312
9739
98
2698
4857
3253
1737
409
2067
5221
51
759
3924
347
3516
2425
13
542
5162
2110
783
1177
1784
1234
1668
135
9030
1893
721
598
5225
3735
6301
1096
1334
7217
1560
2058
3646
751
5513
2241
9153
5152
7486
3969
194
4874
562
2023
1774
2526
4137
1855
792
105
5597
5528
5976
184
2586
7048
431
2065
906
646
2398
7544
5400
7459
2019
1642
5106
280
547
1728
6960
2218
3768
3648
1146
2621
5048
3492
313
7727
653
222
2949
6325
2765
829
517
2444
4080
3302
5619
6309
5285
603
3956
4019
1507
2932
1598
5060
537
549
7107
2085
4170
4612
8707
1483
2694
2419
7667
545
3687
2491
2001
3046
2088
6041
409
565
9252
859
6862
169
1024
138
1642
1088
5581
2037
1451
4369
8603
5877
3662
7367
1902
3147
1039
198
3701
3800
4898
2214
5801
468
6628
5104
5040
7408
3424
3507
2787
2703
6562
4215
7767
1367
2026
6573
3109
5291
4746
333
4087
5545
1521
2759
5401
4190
545
409
3933
7337
760
4590
1549
835
1988
2290
1917
1211
5719
3115
4545
34
1210
1406
2440
6009
1220
6666
2521
96
1789
7055
2472
65
1054
4831
6211
916
1406
6075
1210
3964
1816
2613
278
2523
4722
1214
8655
1983
1389
1435
6112
3906
2252
4354
3112
1062
5558
7265
4868
681
173
1298
6274
4023
1593
8106
1794
4976
1408
5860
5834
2128
266
7614
5279
3109
856
1424
2063
364
1867
874
8198
765
697
4796
2328
2034
3926
2037
4824
368
1133
3103
8058
3995
8560
3375
176
2337
1374
962
2423
7855
4708
1768
8085
4073
1634
979
878
2703
1210
1528
1320
3949
2900
1452
7923
3798
542
1169
205
5240
8639
1088
4179
8474
1577
5476
399
5013
1086
4499
3993
2972
4139
1940
3500
5857
2890
7098
518
2619
6153
3040
8694
3595
9164
4375
2694
2571
2321
471
943
216
4996
8187
3952
6811
670
1642
3147
3595
2726
3683
8028
6177
1165
3646
502
4726
5000
605
40
4417
3232
1532
2496
3658
891
2263
3690
1720
3299
1516
1755
2759
4502
9050
3072
5796
1368
1503
2729
5828
289
5748
1545
4114
2005
589
6032
8371
7092
1024
3704
1009
494
6292
1086
809
2355
4356
5152
1301
5330
2912
1935
3289
3509
1906
850
6475
2766
412
4821
200
1567
545
699
445
7331
2281
5528
5098
4821
1247
3405
8025
1387
176
3918
4914
3595
2660
7078
5147
5191
6234
5923
1418
1435
1234
5753
112
1555
3608
1099
494
736
3492
1593
3772
6426
272
1708
3432
2423
5171
434
2416
743
409
287
1600
6947
3653
278
1376
4179
1728
6925
2462
2379
5207
4324
1588
2037
3519
1339
3257
266
1324
5034
4630
6065
4197
98
5960
2716
2879
6544
61
107
4095
1387
6947
5631
579
3861
278
2154
2030
6220
1066
2618
79
15
1090
5985
9202
5063
3852
3063
4390
1848
4393
3355
5606
6901
1254
8060
8569
262
1460
2571
3503
7927
4932
6658
9092
5501
943
7242
8152
4181
165
2281
8493
399
412
2949
1728
2703
1956
2646
1692
870
3587
1074
1112
9430
5414
1916
8265
2529
157
2069
4206
2915
489
6055
2017
2266
4131
4803
327
2276
2046
4019
9466
5944
89
3103
2009
6002
1288
1749
2349
568
3589
5294
797
6742
8554
4314
7156
389
697
5306
591
2684
620
4878
3337
2128
985
2812
241
8357
2650
2959
5648
5938
4657
5631
5219
1742
4038
494
2026
5132
2159
4238
995
956
6374
928
3337
59
479
2859
780
1327
4404
5024
1239
3401
3847
8105
859
2480
5748
625
6056
694
1237
3683
891
5863
55
207
8189
253
675
760
267
1086
1557
5174
2402
2410
2206
1588
2130
1582
53
3658
2320
1086
61
9044
5348
1728
1262
4733
3334
94
6841
6269
4265
1359
406
3958
861
641
2091
736
6325
1083
100
633
8337
9372
502
2117
198
266
6007
4375
2560
4197
292
710
309
350
1192
3616
1133
5459
562
3247
1251
1067
2430
272
3489
2557
498
5921
494
3457
4420
3516
4285
2007
837
8818
2311
5965
4284
3918
1593
1201
733
2757
406
1804
387
5907
4758
2
1191
6394
6632
4870
3993
4007
1186
317
3709
4643
1804
743
3587
4770
3712
2071
2301
1063
2290
2124
824
5945
1043
726
741
364
3870
1746
7616
1222
7463
5326
3101
5565
4676
5262
1623
8930
8791
4
6202
433
1032
311
2682
2533
2770
670
2476
4348
6313
251
1113
1996
817
2384
1862
4764
3674
2542
8106
1096
5865
777
1062
8670
100
542
6026
3386
191
498
6383
2393
6438
3870
1288
1656
588
1028
726
3737
3089
705
91
6879
2729
520
2079
6589
415
7246
3480
2377
2824
5960
2072
7936
98
4506
1541
2560
6990
5432
975
1810
6344
1440
6848
6038
241
2820
5017
7277
733
6387
1153
1298
296
1830
1694
418
1630
3480
183
2139
591
6248
103
653
203
2321
4976
5799
2680
62
9613
2301
5863
2752
2814
5350
461
86
622
2169
5781
5040
2594
1241
4082
5367
1276
775
683
919
15
4460
2009
3402
6228
1339
640
4580
7931
3101
429
6048
1339
9452
6153
1324
8102
4233
2564
2714
255
588
51
8025
394
133
2518
4345
7472
5753
4342
6096
797
3642
560
4087
794
832
1379
1938
6531
7997
2260
2793
1458
5381
625
2599
303
382
3173
214
1306
1151
3368
7
4758
2476
2114
835
2001
7556
1052
5141
580
9304
6139
5677
5038
1244
465
743
5230
547
2703
6856
278
9079
5375
347
4821
6258
387
4465
692
142
3749
730
3593
397
2998
2351
21
7461
2701
4038
2694
214
3288
5152
1637
511
1648
962
4698
3897
2735
317
787
7094
7813
666
5407
2716
5616
1440
344
4265
3822
1253
2619
2296
7223
2281
3608
4656
1086
4096
3426
116
4639
5373
55
6795
1314
1867
645
7761
6297
1045
255
232
967
32
2866
1600
3068
563
2634
2009
207
2412
5744
2
2035
214
990
6104
1565
3719
7519
3839
2849
2720
977
6072
822
491
2401
4396
2652
1312
3068
4349
2711
2053
6775
11
4432
741
7866
847
948
5964
2271
8844
878
4775
5609
498
2733
1746
7232
5390
1994
8907
3551
203
1706
4372
1214
6282
948
3694
5805
4692
6436
362
4779
1893
1150
579
2727
7597
4612
105
1814
3557
2491
3937
1723
620
3021
5113
1577
3999
3999
2883
165
5880
3292
1428
353
5673
547
6048
2065
303
4904
394
6683
615
6038
2087
1985
373
1133
259
3421
7933
2048
6511
4148
4878
988
5373
4538
3743
1372
1588
573
1569
362
5581
5397
209
2703
1700
83
847
308
5189
6264
1273
2190
105
96
4947
881
3443
851
1991
2515
4726
2315
300
887
5040
2169
3559
6155
4143
2546
163
2071
3909
1346
6671
3094
2621
5826
442
3717
2711
4186
611
832
5699
1614
1105
4921
7731
6053
491
351
6325
1547
1935
6173
1552
849
1054
147
547
2628
7
3806
2749
605
7475
6234
42
1563
368
3201
4788
2079
1339
259
792
2096
5516
5058
1642
5781
2628
95
340
6216
535
4215
5681
4324
2122
1838
4557
165
1479
8379
3155
6749
797
6649
4161
8633
3626
1233
3402
1716
5106
3058
404
3405
6935
1247
7342
2382
324
451
1339
8918
2283
466
3311
4134
753
4376
6266
210
2966
1700
3140
4560
4105
5145
6570
275
1416
7540
4262
2895
794
7013
878
1008
4396
3401
2046
1725
157
214
1753
5513
2088
5311
1588
1814
394
1818
231
2924
2386
1616
2679
1079
6995
1873
6078
545
1851
4115
3739
4648
1472
6706
3342
1812
2216
3299
681
4121
2318
47
3166
1239
740
967
224
415
1379
6051
6970
2679
4574
412
1772
6297
6017
1899
4741
3308
3943
2673
3507
8307
241
5423
6434
362
734
5179
142
1376
2198
8489
192
707
4756
1645
4653
1495
406
681
3021
451
759
2557
466
35
4211
950
1394
4
1165
891
6153
1165
5528
6302
4420
207
4428
8066
1772
1686
2722
3242
1706
4557
5531
330
4041
1924
2747
4536
489
7229
2496
1106
1950
6325
1845
1804
2033
8468
2148
2738
1192
2432
5276
3704
1428
1732
4756
1856
605
173
3094
77
5618
5836
3865
3418
5631
5302
1384
4784
266
109
3811
4956
4417
2080
1389
3800
3109
4
5317
8328
4291
4238
7845
1614
1950
1374
2738
2464
707
6141
6012
1647
1327
7352
2114
730
2841
4703
2890
3198
8255
3888
817
527
9411
31
934
4188
4659
7936
3774
1761
2886
73
1150
730
8830
4154
7349
2150
7080
3674
501
4403
6803
9
1976
8137
2221
552
6092
1143
985
2310
1035
1137
5478
4285
8527
697
3665
7247
6376
530
107
4393
7388
1569
4033
2211
257
7577
7461
7345
2833
1179
3629
2614
8080
475
5904
2507
4310
746
2599
429
461
2102
6794
3308
267
881
2536
3497
5350
2603
971
5017
1812
142
681
1165
3629
3120
5985
4809
1014
5352
4238
3299
1645
721
498
347
1806
919
545
1938
3147
653
3498
958
2026
2978
2026
4684
2757
1183
4480
1210
892
3727
1346
4999
2304
6967
7428
2148
3249
3355
2980
2817
1137
5523
9132
3999
8236
6333
1290
681
1217
3173
1525
1288
6592
4910
479
1723
5625
2287
8109
4176
1088
283
659
415
9132
5199
3732
5011
7472
5339
2997
598
2091
266
3472
3151
8668
1787
2711
962
3477
1183
429
4158
468
3598
2692
6199
5255
1086
1489
749
69
183
2098
1692
2632
1324
4831
4306
1451
6882
4805
2500
4275
8050
333
1933
8250
1387
513
2260
112
107
3371
2271
7703
939
4267
1681
1752
670
7158
2594
6109
1105
3524
2386
4372
1282
2001
441
6245
3650
535
2262
373
2172
2198
7428
2982
65
5218
8241
7109
1253
6492
3151
2156
545
3320
5225
4583
1887
2866
4836
267
440
4
738
1469
2285
5511
1775
994
3873
943
3292
445
4536
2805
2169
787
975
1545
1715
5377
6909
1015
1549
919
3046
1979
1346
94
498
4979
4918
3300
2500
2296
471
1150
3727
3189
4527
105
1746
4854
3811
4552
1279
1879
1642
2406
6536
1670
5302
1312
2571
287
5233
1778
135
653
479
897
3562
2477
1557
5730
1153
9487
2521
692
3638
1614
3045
947
1725
7491
5587
6383
4579
2331
2336
1654
5567
2859
2196
1924
1270
2040
2087
1855
1610
4579
5454
3216
1594
819
1133
191
89
2689
513
7071
4901
4259
847
2662
218
434
3709
529
1412
3007
866
2714
934
901
3880
5587
943
2079
2548
447
595
1928
556
3164
353
7375
6673
633
2107
584
200
3280
80
1247
3585
143
451
21
9259
630
6585
6371
4245
2893
4396
5276
3059
1668
6277
895
1735
5
1032
3464
2787
1549
6282
1862
5324
7360
2968
1746
5513
3762
40
429
2789
1867
5995
3964
2213
3643
1368
4354
3737
1428
2235
44
6159
7443
1110
2611
8383
394
4007
792
653
645
139
1851
916
4840
7271
656
6188
7335
1147
2347
1276
2122
2573
3032
749
333
1994
8802
1582
702
2044
3425
3459
847
133
872
251
3163
4220
2953
1525
1259
1752
2703
4846
224
9764
1910
2067
2203
847
160
7
4972
311
1585
1735
7591
6909
1424
2542
3989
907
4961
2017
4552
1141
5585
477
4648
438
6979
1625
3660
2512
4447
7202
2749
1797
6615
6274
2647
4696
4088
1363
1933
1259
1996
7776
7561
7553
1438
3786
1573
63
3300
3147
4750
341
1725
2128
982
4339
1572
2279
1306
5699
730
3095
622
7061
1739
2817
1384
1917
6596
2014
1374
7855
4420
6036
4306
809
8710
3788
1298
1293
3843
2564
5000
59
2396
338
1398
40
7846
812
1545
3776
4921
2915
3173
3252
1555
2895
1778
4900
7029
6713
5361
7395
675
4536
4762
2780
8265
1169
1366
740
2450
2745
701
2711
7223
1653
3351
96
94
611
5940
6045
377
4067
5454
114
3646
4762
1949
3213
2708
2131
692
2046
344
3880
4775
5790
4367
775
3627
2629
7238
4859
2550
6611
266
2634
3849
2837
246
4304
8615
2310
3068
1367
3083
256
1052
829
4516
1076
1484
5658
2527
1448
5058
5155
1941
3933
1825
350
3953
3208
2296
4016
8712
1979
231
1757
1214
2964
5587
4717
2671
5618
2915
183
4108
5036
3229
5063
883
2179
1567
1596
2151
4651
320
1585
5518
7514
919
5123
6897
3961
784
8813
2660
2028
1137
1121
5270
1452
377
119
5367
2837
1925
1653
4197
2455
94
3943
2832
4530
3855
8862
1199
4824
6276
1797
6297
1024
6678
1520
1045
5853
4342
1555
2546
1183
1686
6438
928
1893
722
188
3472
1353
5444
1516
1394
5685
1049
3540
2323
779
2341
1336
4822
397
1753
73
8187
705
2114
2529
1588
2294
3712
1443
775
779
6340
11
1835
3952
916
1638
4586
573
5063
3447
212
3961
1988
2164
2130
1230
5407
4117
3109
1402
1972
2
1767
5459
1409
4552
3288
1539
640
511
4171
3364
8002
1392
2169
998
1129
1151
3407
7363
5644
280
3539
2924
3455
5044
395
5947
9312
2416
6349
5501
6549
3519
-1
3949
2491
2605
2533
2137
3040
2618
4511
1706
4686
6628
306
2423
5249
5781
1301
1133
7181
511
1106
5233
1020
6197
1882
1363
3709
7475
2256
53
5429
6376
524
2308
1752
2739
4181
620
431
7617
1220
2957
1818
5904
4206
1455
6314
1737
4883
1927
8737
4422
3608
6957
5448
9
1037
820
1176
697
6078
2252
1197
1346
6387
4509
8464
2669
2500
1541
2120
1650
2705
7397
1507
2576
641
3516
1543
1610
6336
9138
912
2526
4464
3221
2752
171
4261
9
5175
2518
353
817
971
3095
2827
1850
756
3827
40
4
6703
300
2909
3013
3648
1509
5976
7265
6919
8839
3305
2456
1723
4287
746
891
5111
8211
6355
2624
1351
2182
304
8540
7179
3259
7686
3368
1988
916
1697
2646
1804
6733
1888
3900
2017
1138
2416
3891
1451
3249
2014
2759
421
203
1673
2871
2571
105
4683
2262
3455
2738
1138
1937
1412
2621
2388
5785
3964
3865
4142
8844
350
3109
2266
487
1908
835
3662
2139
4583
6585
6063
1334
7094
1991
1828
4407
939
3086
59
1487
5087
1967
2455
1137
2738
44
9007
86
3938
7758
5923
2009
1647
753
285
1414
6967
1448
131
845
1064
783
730
1589
1099
7712
5024
3149
209
5525
4142
4903
501
3593
238
954
4007
5238
6333
6504
4723
598
7198
1848
1398
1862
1334
63
1266
2390
35
1438
2370
545
3638
2716
2472
3531
5625
2994
1443
2281
7754
283
5904
5840
4711
1916
4414
1363
8025
18
6271
2480
1368
2005
8914
975
1376
3046
1715
1447
3251
673
192
8315
4417
3024
1249
971
5074
9364
1237
5162
5133
3022
7188
633
1060
4868
1944
2135
2368
3166
3795
2185
8050
2144
1899
1273
1101
9514
1267
3707
7009
351
2142
2701
1619
5760
356
2652
1179
2981
262
6585
1565
1408
1787
7710
5218
1146
5429
568
4608
2739
2632
7173
1862
2448
7255
1173
7456
537
2198
1014
6384
4586
2518
3080
625
1630
8151
2917
1324
317
2210
4676
300
4461
2708
2640
5315
6854
86
379
3050
21
1316
8955
401
4496
4145
3559
1487
1996
4952
3050
7795
5459
4623
1585
1253
1110
452
2107
347
116
163
4961
4648
618
3487
3870
2065
429
3050
266
1563
547
7162
3063
7223
1543
2440
8599
2368
2542
4245
4076
1356
1286
3789
3378
7961
6858
985
7035
2997
2406
3308
2200
1467
6043
3472
3371
9177
3236
1919
3491
943
928
4947
3585
1630
5799
1358
1692
98
817
3142
670
4733
647
655
133
6007
1804
4889
5962
645
1972
5513
1830
285
2557
1755
1064
1294
817
2844
3173
51
275
2883
5853
5320
640
6742
237
1165
7617
6220
2311
6658
5352
2242
5542
2761
1435
86
8456
4715
377
3277
824
4935
253
222
191
6055
5923
1336
1091
373
4460
870
226
809
292
2182
7698
1314
7461
173
6352
3996
2571
7497
7602
677
4550
3999
2058
6879
40
4258
6733
1123
4920
1810
6531
1363
8306
4842
2375
9369
1082
163
8082
2267
8128
947
5753
1141
3946
9119
3464
4625
5102
677
5233
4490
4753
2883
3380
2643
5297
537
2037
369
6718
1585
5522
431
5496
350
6112
1959
885
1631
5036
847
1141
3579
562
849
689
4197
1543
1247
5121
1937
4052
63
3439
6465
2401
3461
2657
461
2921
765
1298
5448
404
1037
356
1848
1569
1668
2542
4994
5776
1940
283
936
8519
6617
1563
5434
3851
1520
308
3375
4614
1214
2780
2011
2542
2968
746
943
1728
4201
9564
3626
5100
2945
4028
82
4889
3943
4170
934
1653
7281
317
1251
4846
5034
3650
1376
5320
2368
630
3109
1256
3752
4108
637
3608
2582
3652
1306
5311
1286
92
498
2198
2252
3407
6656
3480
3512
1760
2413
6261
7826
2692
1299
4279
150
718
2393
2832
1828
6220
1756
1585
1607
2368
878
1797
4629
7749
7081
129
7426
1408
1134
1642
2542
1382
2042
7405
1962
1706
7828
6429
5522
2260
394
2478
1322
1435
2300
1483
2458
1099
906
8131
6331
3472
1598
1577
152
1946
1282
1183
5163
6541
6804
3089
2744
1193
8080
416
4087
653
8889
2936
4965
7959
2304
2377
4300
3032
4093
805
9038
466
1720
244
2434
3324
2793
2382
1037
486
1631
2640
1024
507
2669
5454
928
1151
2189
542
4767
7585
2696
677
7920
1106
1033
5094
2063
1113
4530
2356
8317
6689
3466
2729
2225
73
1728
320
1090
1428
1495
1169
3024
2345
2666
7600
8816
6715
3208
1614
6794
3405
4903
1011
3201
507
1706
217
1625
982
5174
251
8436
2676
8069
150
653
1020
2948
2759
4499
1988
655
6155
3401
1945
287
1060
1214
1835
1853
2647
2824
4125
2492
5144
2571
489
3208
1534
2877
6276
1656
150
765
229
840
3884
458
4
1697
901
335
988
3674
3069
2179
1114
79
7461
615
51
999
2139
870
6491
7994
7421
4874
4961
7065
847
4689
2174
2679
354
2107
988
1964
1690
5836
837
2496
971
1772
2531
5247
6536
347
3749
1503
809
483
4267
1772
1286
4172
2158
4536
7339
51
3683
2085
6544
740
746
306
278
2652
8066
7520
2321
4362
3764
2279
8512
2244
562
5931
2980
743
242
936
4403
7210
8181
8424
2663
4026
5394
2128
338
2310
7265
772
8487
6051
2747
1822
1626
1645
794
7358
765
5718
2048
2074
1214
6288
901
1735
5861
1656
5590
6446
1513
129
6481
1780
916
2575
4002
8873
3880
504
2689
1661
4308
1795
1778
1899
6544
1949
1256
9079
759
229
3675
1467
2079
345
3533
1732
1142
4840
5651
3006
6026
8744
4976
59
819
1114
4326
7553
1784
5535
2787
4424
4407
5501
198
-1
5748
7277
5549
447
2455
2796
7265
5330
1755
1298
705
2262
1066
2652
3941
8631
494
2192
7428
5567
7841
6253
1979
6261
861
4199
4519
7132
8620
3050
2694
5225
5948
491
1621
936
637
6942
2058
2770
59
1355
1543
579
2822
7421
3412
8876
9347
2375
3971
5544
3875
4824
6486
2250
2436
719
1909
1611
1862
568
340
812
1181
840
1700
2877
6082
895
5079
4215
412
2722
4112
2711
1133
362
560
3279
4176
4312
3884
7549
2735
985
311
1913
1192
458
191
5255
216
1358
1879
1582
6239
2674
630
5258
382
718
1224
1414
5827
4569
1251
479
1032
1791
3140
2380
5597
1230
2830
2890
1737
1598
338
2507
6632
4042
4432
2875
4291
4444
1090
2162
8952
4176
5898
1739
7476
26
320
7405
3946
3855
1215
1876
2098
5648
4091
4807
2689
1794
7325
5034
2137
5106
1659
429
5385
1940
6092
2007
9019
5054
511
658
694
6879
595
1825
285
2250
1168
7296
362
1156
2080
1862
1016
3016
1980
418
473
715
255
832
4676
8345
3339
772
2946
1678
2323
6409
6513
6825
142
1870
203
4095
4800
2276
1150
15
4378
3461
4621
666
579
4252
4661
2765
1355
4048
216
5783
907
8046
4753
6927
2521
2094
1183
6524
5681
787
5267
681
2412
617
2196
2419
1634
7509
783
2321
3977
1747
2377
2957
5150
2936
4477
3053
6012
7595
5207
4937
959
5736
86
5150
5681
837
1123
545
3589
129
1862
565
4273
1253
3841
4137
979
3956
3147
797
483
5816
1210
4992
3806
5411
477
3819
4673
5428
2805
4000
4777
2646
1572
1049
792
5358
4635
179
183
1024
320
4167
723
5024
4337
1008
979
2866
1602
6340
4562
133
262
1902
7498
163
1692
1967
320
3302
3098
1650
2844
3401
3834
176
2206
1840
7207
7358
2336
1170
2807
2703
3858
501
239
3243
375
681
415
2950
1678
3904
157
4211
3891
5384
1681
3814
5038
2052
965
1589
982
3221
216
8218
2017
207
715
40
152
8822
1074
1752
1962
8184
5867
8689
142
2260
1757
4577
1565
1635
6927
4300
173
3480
3824
718
1690
212
6950
1191
5423
68
3053
800
5565
520
6178
3063
5585
3900
3975
1460
2575
3266
62
6
2046
2696
6836
90
5467
1334
4477
7395
4028
6967
300
96
3405
1927
2443
2566
3441
9987
5100
3977
681
3688
5473
8181
356
2090
4425
547
5718
749
2206
9272
792
4864
1396
4648
3318
2671
8179
1251
2671
3299
4235
3642
608
6931
418
124
5953
966
2067
1507
937
3880
1314
1396
772
2689
1772
1933
746
2157
2398
1642
4699
3109
4850
5324
6709
3312
2325
4614
262
2966
3226
835
44
15
520
4766
2675
2063
4407
8105
1585
7491
3311
6171
2337
1372
2227
4506
4070
3795
1224
4067
1239
4719
2536
6369
641
2423
2611
1101
3195
2297
3401
116
1498
3331
5036
1322
5850
6004
3750
3075
7712
1076
916
4996
1049
1899
2766
1735
7325
535
463
4087
4269
1492
3045
3763
4087
988
6282
5163
7017
471
127
2458
765
2496
2936
1924
5090
903
885
4954
540
4822
5732
6444
6311
4550
5746
2990
5681
3923
3116
2146
5724
73
86
6144
7112
1772
3068
630
3683
6536
545
1492
4579
5017
296
399
6103
928
5311
2396
9811
6653
1306
2487
6254
1778
7003
2315
2716
6313
641
7628
3155
4028
2281
9104
2793
2040
3626
6195
1516
753
2359
998
303
3201
2972
3346
5121
133
1435
1534
347
901
3707
1314
4417
930
6879
6654
3795
4982
2759
4158
183
6544
2743
269
6561
2671
4451
2349
971
1656
7112
1343
3050
751
4279
2192
5694
3803
3401
535
2200
2040
3712
1692
3950
4084
1725
1757
1962
2320
916
5036
289
6780
394
501
9046
6239
2278
2391
967
598
3800
2817
1697
11
7331
1239
694
2624
176
205
5799
66
2930
1541
594
4170
200
2518
3595
7450
5126
1810
549
1666
2174
1560
2698
1534
4890
6897
635
353
2640
4994
1458
4093
3036
1312
2192
2675
3055
4569
1887
1451
977
1327
272
498
1490
4550
560
6518
6511
921
1521
7651
1509
514
4793
2252
2518
2824
2580
1101
1732
2557
7991
6446
2423
2613
3281
389
1247
1749
5466
5063
1867
1735
2402
4303
324
2189
916
4060
2971
3752
1063
2187
4536
2663
1347
2011
2852
1663
461
364
1882
2238
5011
222
2529
5130
5164
7577
1818
775
7940
5893
1850
1119
1716
2500
6193
2345
375
5317
3134
2660
266
1516
4542
1706
300
6582
3125
409
3109
280
1711
746
1343
7725
2571
1838
1585
562
1099
8727
6128
1887
1862
6365
3733
4129
61
415
1663
1814
6689
3280
2128
2560
1626
4
431
517
6121
1003
535
5424
5011
8401
2711
916
5844
5491
8207
2906
932
6128
1035
3208
1959
317
1959
429
3459
2287
1680
5141
2915
2094
2210
2887
7504
3865
1374
1372
1286
1443
1536
6087
3164
9138
3582
3988
196
6294
1541
280
1814
3697
480
1708
3806
4399
1241
3679
1339
2757
3870
731
1673
4211
5215
1577
109
2281
3446
1224
727
847
4496
3412
2871
1593
6679
2129
3688
6744
4273
6188
4281
1228
1443
123
2164
3349
6765
527
465
874
283
5166
1099
1058
4994
930
4947
2323
5142
3446
2526
3308
324
4463
1663
7524
6197
317
1642
7818
1853
3911
4598
3827
171
3316
971
1610
1582
8273
1879
5754
1862
1822
1910
3322
4628
