-1 2
-1 34
2 4
2 6
4 6
2 7
-1 34
7 17
7 10
7 17
7 17
7 15
7 15
7 15
7 17
15 17
-1 21
17 21
18 21
17 21
-1 34
21 25
21 24
21 25
21 34
25 27
21 34
27 34
27 30
27 34
30 34
30 34
30 34
-1 43
34 36
34 43
36 43
37 43
38 43
38 43
34 43
34 43
-1 95
43 48
43 48
43 48
43 48
43 57
48 57
48 53
48 53
48 53
43 57
53 57
53 57
55 57
43 95
57 69
58 60
57 69
60 69
60 63
57 69
63 69
63 69
57 67
57 69
57 69
43 95
69 83
70 73
69 73
69 83
73 83
74 76
69 83
76 79
76 79
69 83
79 83
79 83
79 83
43 90
83 90
83 90
83 87
83 90
87 90
83 90
-1 95
90 95
90 95
90 95
90 95
-1 312
95 97
95 100
95 100
95 100
95 312
100 129
101 103
100 115
100 115
104 115
100 109
100 109
100 109
100 111
109 111
100 115
100 115
112 115
112 115
100 129
115 120
115 118
115 120
118 120
115 129
120 126
120 123
115 126
123 125
115 126
100 129
126 129
126 129
95 312
129 136
129 134
129 134
129 134
129 136
129 136
129 138
136 138
129 206
138 146
138 141
138 146
138 146
138 146
138 146
138 146
138 155
146 150
146 150
146 150
138 155
150 155
150 155
150 155
150 155
129 206
155 157
155 159
157 159
155 162
159 162
159 162
129 206
162 165
162 165
162 171
162 171
162 168
162 171
162 171
162 171
162 173
171 173
162 185
173 176
173 176
173 185
176 178
173 185
178 185
178 185
180 185
173 185
173 185
173 185
95 196
185 187
185 188
185 196
188 196
188 196
190 193
188 193
185 196
193 196
185 196
95 206
196 202
196 202
196 202
196 202
200 202
196 206
202 204
196 206
204 206
95 312
206 234
207 209
206 210
206 211
206 234
211 213
206 234
213 222
214 220
214 217
213 220
217 220
217 220
206 222
206 222
206 234
222 228
222 225
222 228
225 228
222 228
206 234
228 234
228 231
228 234
231 234
231 234
206 271
234 238
234 238
234 238
234 242
238 241
234 241
234 242
234 244
242 244
234 271
244 246
244 271
246 254
247 249
244 250
244 251
244 254
251 254
251 254
234 271
254 256
254 271
256 271
256 259
256 260
256 263
260 263
261 263
234 271
263 271
264 271
263 271
263 269
263 269
234 271
269 271
95 312
271 274
271 274
271 312
274 278
274 278
274 278
274 300
278 285
278 281
278 285
278 283
278 285
283 285
274 300
285 288
285 288
271 300
288 300
271 300
290 300
290 300
292 295
292 295
271 300
295 300
295 300
295 300
298 300
95 312
300 303
300 303
300 306
300 306
300 306
300 312
306 312
306 312
306 312
306 312
300 312
-1 -1
312 321
313 318
313 316
312 318
316 318
312 321
318 321
319 321
312 326
321 326
321 326
321 326
321 326
312 565
326 348
327 329
326 335
326 335
330 335
326 335
326 334
326 335
326 337
335 337
326 348
337 344
337 344
337 344
337 344
337 344
337 344
326 348
344 346
344 348
326 348
312 565
348 350
348 565
350 368
350 361
350 355
350 355
350 361
350 359
350 359
350 359
350 361
359 361
350 368
361 364
361 364
350 368
364 368
364 368
364 368
350 400
368 370
368 372
370 372
350 400
372 374
372 376
372 376
350 400
376 381
376 381
376 381
376 381
376 389
376 389
382 386
383 386
382 386
376 389
376 389
387 389
350 400
389 393
389 393
389 393
350 400
393 395
393 400
395 398
393 398
393 400
398 400
348 449
400 402
400 411
400 411
403 411
400 411
405 411
400 411
400 411
400 411
400 411
400 442
411 413
411 414
411 415
411 423
415 417
415 421
417 419
415 421
419 421
400 423
421 423
400 442
423 425
423 430
423 430
426 430
426 430
423 430
400 442
430 435
430 435
430 435
430 435
430 442
435 439
435 439
435 439
400 442
439 442
439 442
312 449
442 444
442 449
444 449
444 449
444 449
444 449
312 565
449 565
450 452
450 455
452 455
450 455
449 565
455 457
455 460
455 460
455 460
449 565
460 470
461 470
461 470
461 466
461 466
460 470
466 470
466 470
468 470
449 565
470 472
470 565
472 474
449 565
474 479
474 479
476 479
474 479
474 565
479 482
479 482
479 484
482 484
479 494
484 488
484 488
486 488
479 494
488 494
489 491
488 494
491 494
491 494
449 502
494 496
494 498
494 498
494 502
498 502
498 502
498 502
449 565
502 504
502 522
504 507
504 507
502 522
507 522
507 512
507 511
507 512
507 522
512 515
512 515
507 520
507 520
516 518
502 519
502 520
449 522
520 522
449 565
522 524
522 529
522 526
522 529
522 528
522 529
522 565
529 533
530 533
529 533
522 565
533 537
533 536
533 537
533 565
537 565
538 543
538 543
540 542
533 543
533 565
543 545
543 547
533 547
533 548
533 565
548 552
548 552
550 552
533 553
449 565
553 561
553 556
553 561
556 561
557 561
553 561
553 561
449 565
561 565
561 565
561 565
312 -1
565 570
565 570
565 570
565 570
565 590
570 575
570 575
565 575
565 575
565 590
565 578
576 578
565 590
578 590
578 583
578 583
578 583
565 590
583 590
583 586
565 590
565 590
587 589
565 590
565 596
590 596
590 596
590 596
590 596
590 596
565 615
596 598
596 602
596 602
596 602
596 602
596 615
602 604
602 615
604 606
604 615
606 612
606 612
606 610
606 612
610 612
565 615
612 615
612 615
565 -1
615 618
615 618
615 658
618 623
618 622
618 622
618 623
618 629
623 625
618 629
625 629
625 629
618 629
618 633
629 633
629 633
629 633
615 641
615 641
634 637
634 637
634 639
637 639
615 641
639 641
615 658
641 644
641 644
641 658
644 646
641 650
646 650
646 650
646 650
641 658
650 654
650 654
650 654
615 656
654 656
615 658
656 658
615 785
658 666
658 666
658 662
658 666
662 664
658 666
664 666
658 785
666 673
666 669
666 673
666 671
666 673
666 673
666 681
673 675
666 681
675 681
675 681
675 679
666 681
666 681
666 697
681 683
681 697
683 692
683 692
685 688
683 688
681 692
688 690
666 692
690 692
666 697
692 697
692 697
692 696
692 697
666 744
697 713
698 700
698 713
700 702
698 713
702 705
702 705
697 713
705 710
705 710
705 709
705 710
697 713
710 713
710 713
658 744
713 744
714 716
713 719
716 719
713 719
713 732
719 721
719 725
721 725
721 724
713 725
713 732
725 728
725 728
725 732
728 732
725 732
730 732
658 744
732 734
732 744
734 744
734 737
734 744
737 744
737 740
734 744
734 744
734 744
734 744
615 785
744 785
744 785
746 748
746 755
748 755
746 755
744 755
744 755
752 755
744 755
744 772
755 757
755 760
755 760
758 760
744 772
760 765
760 765
760 765
760 765
744 772
765 767
765 772
767 772
767 772
767 772
767 772
744 785
772 775
772 775
772 781
775 781
775 781
775 781
772 781
779 781
744 785
781 785
781 785
783 785
615 -1
785 788
785 788
785 794
788 790
785 794
790 794
785 794
785 794
785 -1
794 806
794 802
794 802
794 799
794 802
794 802
800 802
794 806
802 804
802 806
802 806
794 810
806 808
806 810
808 810
785 893
810 812
810 825
812 814
810 816
814 816
810 825
816 825
817 825
818 820
810 822
820 822
810 825
822 824
810 825
785 839
825 839
826 833
825 833
825 833
825 833
825 833
825 833
825 839
833 835
833 839
835 839
835 839
835 839
785 893
839 844
839 844
839 844
839 844
839 860
844 847
844 847
839 860
847 850
847 850
847 854
850 852
839 854
852 854
839 860
854 856
854 859
856 859
854 859
839 860
839 893
860 864
860 864
860 864
860 893
864 866
864 869
866 869
864 869
860 893
869 872
869 872
869 893
872 875
872 875
869 893
860 893
876 878
876 893
876 893
876 893
876 893
881 884
881 884
860 893
860 893
885 888
885 888
860 893
888 890
839 893
890 893
890 893
785 -1
893 895
893 -1
895 898
895 898
895 905
895 905
899 905
899 905
895 905
895 905
895 905
895 939
905 909
906 909
906 909
895 939
909 911
909 914
909 914
909 914
909 939
914 932
914 932
914 918
914 919
914 932
919 929
920 922
914 929
922 926
922 925
909 926
895 929
926 929
926 929
895 932
929 932
929 932
895 939
932 939
933 935
932 939
935 939
936 939
932 939
893 955
939 943
939 943
939 943
939 955
939 955
944 955
944 955
944 948
944 955
944 955
949 955
944 955
944 955
952 955
953 955
893 -1
955 957
955 960
957 960
955 960
955 981
960 965
960 965
960 965
960 965
960 973
965 973
965 973
965 973
965 973
965 973
965 973
960 973
955 981
973 975
973 981
975 979
975 979
975 979
955 981
979 981
955 -1
981 983
981 987
981 987
981 987
981 987
981 -1
987 -1
988 992
987 992
987 992
987 999
992 996
992 996
992 996
981 998
981 998
981 999
981 -1
999 -1
