3179
19425
6168
10804
20364
12677
46
10963
1662
3370
5666
151
9267
10937
3853
4750
3862
12949
18119
18934
11440
20581
4186
5148
15990
19684
4580
18856
24717
13264
602
12110
5146
7038
16981
13786
2235
6248
3594
184
1732
11804
4857
2637
7935
16810
9597
15288
2564
14573
20112
21768
12575
7405
348
17487
9308
1304
4036
315
19460
10492
6736
869
2066
4531
14126
4966
1622
1200
1492
2684
2200
21237
16712
1344
12079
17225
13775
26746
12153
13109
2111
25237
10527
1477
1439
10133
1067
9724
1470
1364
5296
15412
3211
14133
42
8163
9825
14140
2186
2760
1137
1236
841
4770
10965
7464
861
16284
760
11950
1389
996
21327
2560
5977
12089
957
13360
1690
521
2710
10617
12500
11177
24956
7519
5390
4028
25140
10182
4882
6920
14779
9839
9882
1168
1193
2010
28545
23
21625
12251
6373
303
1857
8329
12492
9198
25315
4949
8597
9532
1266
9
16038
23504
9283
8989
5218
1351
8412
22423
15456
326
7838
15037
2768
10660
1859
15546
900
3360
7566
22481
5700
1810
13321
3802
518
13526
15776
9974
7631
3915
4843
21172
116
1266
16504
129
5582
5943
8868
8875
10710
28828
19333
13757
1128
21880
1492
18267
1714
25658
4474
8265
6304
17919
4631
1796
15805
19358
602
12398
496
3956
3114
12681
1684
16286
5235
606
12101
4625
3017
710
11083
1626
5820
17791
2494
8879
452
1644
2140
3670
8985
12164
19316
5875
2034
4952
7493
639
3204
213
1370
4084
1434
8475
28393
26039
20801
302
16772
13836
14220
3085
26311
6063
19038
18011
546
2457
1724
17411
6180
15791
1736
402
25955
27117
5760
15064
18926
7604
7083
2511
16320
15113
23484
11338
1765
3719
8454
16116
1770
19431
14784
3145
11340
16182
8914
1016
160
5440
1647
9877
1732
21024
11950
1558
16049
22830
10028
1220
21981
2502
13944
4537
10525
1477
10163
15485
6198
24568
1175
2403
7155
11038
992
160
2376
22063
9954
5550
11535
2621
14214
2534
1145
13601
18701
1774
2944
13390
96
15002
11679
2267
12139
24190
7190
1228
3311
11380
5004
6358
20665
17127
5120
4611
6902
9030
16737
170
9324
1559
12313
3545
3956
5035
383
8633
22840
17653
19603
543
3112
17277
127
2026
1360
1217
27679
8793
8325
721
2344
1463
1618
6338
8653
4018
18594
20952
7187
585
533
8572
5120
9912
2001
18818
394
17211
291
19954
1047
5919
14500
11688
11028
12902
2746
19469
9734
7752
5737
2862
10455
8768
5984
769
2221
23489
1031
2862
14093
5052
537
15732
1382
1989
141
6981
42
22503
3267
12070
17036
2254
1556
9702
1477
14923
1716
22752
1272
3393
10975
1137
9039
22150
12937
3704
15612
25646
3851
2260
4873
749
22868
15360
4743
1247
3815
233
2348
11804
15517
13775
14520
17507
16830
7908
11782
6972
18331
2171
17020
1220
6111
1808
2431
19505
15288
14769
13736
3868
9191
4376
12237
1153
160
2384
3896
7842
9194
1994
8329
6415
22639
2775
699
1168
26412
627
23
3715
15042
745
1850
14803
19021
1280
2328
7084
3737
2448
10545
27140
1272
16599
8979
2663
4207
18386
20755
687
1400
20752
16744
869
5938
4143
4864
6339
1003
75
1545
3418
13
1280
18386
16981
14890
5838
16430
2169
2368
3570
17260
419
1802
15627
3360
22549
27653
1031
18390
1326
20627
7291
19946
518
6329
6860
2697
6975
8385
18937
17475
20740
6844
954
11249
847
2958
1561
12731
12263
4261
11656
9834
1420
3179
10184
20018
4109
6579
904
17620
16095
932
1148
619
199
11286
4117
3191
24568
11776
17377
960
6751
4285
11169
12114
2263
6258
6069
2612
10672
12248
25535
10021
1141
366
2431
1673
585
21372
3723
4564
9952
2492
3076
589
1113
839
-1
15818
5133
79
1415
7042
2457
7495
16343
6999
890
21248
408
7982
12550
1787
428
15838
6063
1891
15285
5733
8313
19076
14457
1912
2705
8159
14118
23875
16939
5453
6324
17038
2478
21801
19747
13160
518
9158
5472
21093
3369
15659
7084
4184
1839
8274
725
8915
10048
5841
13225
7687
988
443
7957
10036
7949
1658
3427
247
11028
4308
14046
649
749
14303
702
12441
18660
11385
1684
1183
5378
1394
15580
8446
13208
6922
3263
5270
29297
2605
9884
2174
1456
14382
7124
6216
529
7583
12562
226
26505
17914
22921
10114
13463
15107
14739
2071
2617
4808
7975
4376
803
5798
17253
2582
341
13181
23557
839
25772
5841
2508
21916
3878
2413
6906
16885
2970
2142
6134
1247
22747
6678
4561
10794
16954
928
2380
6129
4673
8572
11258
4567
28986
4021
17529
11056
9137
2307
8493
6563
22781
12956
4730
1550
2480
2532
3270
19322
1880
562
7405
8189
10470
5996
1387
6127
419
24798
7941
16535
1403
281
5028
2241
14530
1977
2441
13309
9202
5499
25210
1785
233
2595
8409
5970
2348
279
230
2218
6804
4567
21957
3448
1157
677
6947
18703
2546
6855
1600
19340
12045
800
893
6381
4700
21114
9643
6286
14239
4869
26128
25078
11373
358
10577
12072
330
11779
37
20461
2579
1329
3330
12022
6208
20163
1741
21966
13868
9383
4090
7571
6759
1172
13077
124
2018
10310
20098
10552
8987
1234
6903
13603
23843
12893
15742
44
2889
20995
14226
28571
21998
1253
15792
8672
411
4933
10809
5737
13409
2705
23439
17765
12761
2335
3196
24510
610
7919
14129
11605
16708
1308
3507
1781
727
7794
5411
518
2486
1415
7687
257
20489
8960
4713
2885
18325
3405
26199
8995
14443
20991
18121
4016
2511
4448
16157
5060
799
271
1492
26856
8712
11749
2271
5999
19975
4586
14343
2760
12287
10987
1572
334
18195
7117
4879
476
1968
6984
22426
5491
11804
556
4315
2641
7186
16000
8170
21820
1506
15217
6441
4339
6248
2195
18890
7745
7063
6402
2749
1139
1486
23364
3380
549
19734
2386
9
890
11870
500
2612
3777
5785
21314
22291
18786
760
5894
8906
7009
4201
2173
11839
20722
377
1095
506
1382
28828
2765
13008
7354
3472
7595
2422
1816
1210
1079
21876
2688
7665
5371
1003
17533
22540
2705
3415
2483
1378
5365
12645
3701
512
4924
20106
6924
20235
16506
400
2944
8119
8892
5039
6744
5513
27634
4397
731
17991
20587
10137
803
1120
10036
19321
3031
11234
3206
5235
6660
2490
1293
7345
5811
7508
9210
2663
12248
12233
14021
16186
24681
18413
24213
2574
4791
18181
16793
1382
1642
338
7348
5433
4476
20811
148
1816
10552
1232
5325
17148
7290
5981
942
5760
11206
2627
1862
14428
19632
504
2996
15550
2221
679
11954
769
14744
2422
11847
2944
15649
1989
6171
1508
1071
2439
13986
1899
1710
14069
24530
7904
1360
15930
348
17
18361
20558
15467
13996
16386
1301
11173
14859
15129
13126
4018
6867
13513
4311
12697
2946
880
12893
396
14571
1796
988
15461
1025
7782
5765
13665
2478
26604
7578
15757
6932
255
511
1899
9112
10445
8900
2846
27720
9198
8202
3540
17825
19221
4531
17471
7
153
26986
4402
27182
10704
20493
488
4164
1463
13517
1724
22528
1600
6452
6312
16278
23938
2560
610
5189
22347
10474
2186
14543
12776
6789
37
1734
1263
898
1962
2518
7128
448
419
5130
2066
22098
9191
6440
10576
27735
5783
8656
19431
13261
2475
6143
8837
12343
21043
580
17595
568
11368
1276
17406
23154
19960
11452
1770
19370
20445
3559
1857
19758
4296
21679
1569
27160
23661
20048
5029
24399
23673
562
9212
1397
21590
20784
21220
13305
8217
1636
1639
4631
2021
2846
2473
2708
22180
1418
1321
14283
3177
14518
2466
2733
8623
742
5796
6171
20048
8620
6358
10351
7872
12031
121
3503
1714
2147
1719
19384
18934
18011
17143
15308
13571
124
12036
16594
2540
8069
1829
11763
2307
11749
12747
7415
1478
11626
2021
4957
7994
3889
2169
4136
18899
22246
1920
20892
13854
6879
12554
893
3990
20799
13255
1071
24568
2713
21827
9977
785
10474
14201
12225
14398
17663
1739
6402
22864
10299
19034
1914
5438
6612
9987
11346
10204
15705
1950
9109
521
9697
2848
1774
2434
7440
17589
1974
1411
20963
673
139
5199
4090
4119
18691
20477
13069
1348
593
857
7772
3964
1391
19898
7083
6463
1796
10467
14687
28929
1506
97
1708
19684
4735
17148
7886
1283
15035
8514
1335
799
3969
13655
760
3615
1366
28344
7
16572
8106
2694
5387
4405
2846
1236
1467
1151
3737
1095
1874
9562
15033
15360
20691
7831
2500
1857
1676
4501
9515
702
2235
28144
11573
21891
5804
6297
8271
2195
1270
1600
11460
19217
17762
15788
5491
5152
13328
1165
8442
19494
199
22925
1215
4996
2398
411
7325
24978
6424
4291
4504
12345
10847
5026
25360
832
1456
14937
18744
20952
2086
5955
11452
433
19914
2248
13513
13035
1623
807
21541
2363
9621
2431
4121
15848
4140
3729
13649
7470
7203
13274
10013
1679
2335
17876
12712
1083
12782
4061
20864
15140
21679
10140
202
24415
1341
2267
12514
5226
1774
7345
4077
4444
6787
664
7969
19124
22296
17849
2283
17753
24903
20740
5146
10545
6116
6118
14110
2818
8985
1526
3543
923
1965
7825
12603
8399
7764
6014
13053
2555
64
19781
13154
3992
10434
689
946
13012
12530
17989
24890
5941
10305
8947
1920
18581
15708
13840
7181
631
9416
22232
11789
4947
3530
9050
7519
6000
1075
1642
9308
19318
518
12949
1600
10099
1534
2318
2257
2431
15008
9905
2290
7945
15320
7542
2348
10488
13795
1101
979
5640
12556
3405
21325
7023
742
7485
531
13305
2102
18570
8206
13255
14472
6644
116
6602
3737
1541
15249
1899
9940
9179
22232
1137
8755
387
7599
906
1269
1095
4450
12859
2892
12967
5510
1376
1157
9488
29455
21831
7265
11918
14815
19120
1827
5350
93
4838
1310
7061
18424
839
21198
19809
3882
17529
14394
1420
699
2348
16585
3380
11353
9039
188
2564
4517
5111
1673
19789
13592
5374
1698
7656
11519
14734
20436
10050
8256
2511
11459
18453
2987
778
23503
18301
550
29731
8409
12278
4695
3662
1816
18238
7512
81
13676
21037
10940
2785
10480
4600
9549
1459
1857
14319
5816
17576
77
2120
13140
2654
16666
10584
3276
10255
1022
1683
4863
5077
2427
4296
480
5533
17672
684
17771
957
3928
19162
5152
17038
1335
8142
4306
9022
5720
313
6897
354
2437
12083
7928
8506
7211
17557
12534
23348
2248
4730
1451
7333
454
6468
7546
5893
155
455
4583
11854
26944
18548
2688
10239
136
936
261
26514
9686
2979
27623
133
5578
21321
11038
408
11231
9505
3199
1266
2422
22573
21930
1137
14559
18754
24671
21815
7546
1954
264
26225
2931
14841
1971
1310
458
10638
11311
9372
1940
9950
1710
1042
1016
16214
946
2543
448
8189
3809
10736
11025
18476
1877
6059
6762
13235
3759
1391
778
421
16661
15742
13488
2530
1141
3762
12110
8731
11782
1386
9022
12143
2021
5424
639
5316
3623
9565
539
7849
623
2564
1729
633
2829
5146
9683
10459
1708
25938
11455
14623
17379
3687
993
17653
21351
10738
21636
13744
5597
772
2095
3079
17801
785
25755
5877
24771
9411
19076
19905
8985
2368
6486
7422
785
18420
1063
194
1193
15264
24791
10567
1968
2166
12287
8518
12495
13877
1968
2102
107
9540
15863
951
11327
3177
10571
14835
5607
3302
23670
1283
156
2572
7411
6368
8434
984
7514
13385
7782
7201
9617
1892
10529
19149
2649
3156
3302
4543
2663
850
932
9087
1930
1722
2036
3484
2673
1286
14744
9765
14555
5519
4201
4895
27332
1666
20156
3971
509
5129
14357
1748
16687
12255
5961
11467
5515
673
12539
8237
6932
9153
18538
18181
27370
2452
7012
4992
17672
1550
20680
2161
3004
2218
6406
2084
247
10853
7849
6437
4873
22750
1909
26317
14833
1590
16793
117
17361
767
2299
8601
4962
4166
1324
121
27995
7742
871
21621
5639
8510
19201
3754
1424
9147
5730
21007
5421
2131
271
20569
3420
3071
5395
16726
6127
14735
10182
156
207
3357
8921
2951
14947
7375
839
136
21528
281
13732
10702
221
21681
4291
1234
11688
19372
10431
24317
10227
23889
12919
19675
531
22183
4924
11733
7135
1790
18400
677
2441
1623
15708
4337
900
10908
11623
1025
943
2337
483
1280
2724
441
967
17838
1244
3112
2418
3729
400
24468
8361
9518
379
2840
21380
252
7768
10462
5186
2526
10152
22683
17038
1523
12110
84
769
17916
9085
6289
423
1017
3017
20031
10204
1126
21962
787
12726
5940
2161
9202
8399
11095
4588
28654
10284
16758
719
6863
4444
2425
22045
7575
12308
132
15095
3153
10214
12507
22181
5332
4952
11018
18688
7688
287
22149
23889
18645
9977
11005
2105
5171
22226
774
5859
8796
6784
3468
20249
4451
14056
5890
14394
23541
4875
746
1337
16912
6551
949
796
11823
19653
2166
7612
79
25523
18230
366
3299
2244
27024
9611
9429
2538
14358
19960
16471
6040
7101
4190
2970
27816
4308
163
8454
1204
1382
9988
20477
3960
17806
1224
12457
8242
691
7352
17778
1778
25957
245
19838
18682
10028
4907
898
9308
15984
1064
23497
5730
1470
5171
10193
6582
9396
4217
2437
13063
967
16867
14589
6411
871
7412
9643
10498
167
9877
2231
9061
22212
2166
5681
22396
738
1238
22277
8465
21788
11502
17646
2518
127
1778
7745
17996
1089
1874
515
14623
436
12714
3143
68
229
21479
245
7691
160
26497
23895
5232
14280
25029
9969
16476
12419
8712
5084
790
1565
7892
3085
9674
2471
7985
15757
18092
27208
8805
24019
3555
6059
4299
3456
8955
3821
6917
4450
942
819
6346
938
8493
1148
5311
2951
2126
1067
419
531
1130
2666
7288
348
5107
19126
4577
15068
9243
2705
13517
23715
5847
10005
8720
8633
774
2235
22212
1211
7906
577
8405
156
13205
12638
10741
890
24752
1808
5116
14674
9357
5510
17435
4933
4797
24996
883
4485
18380
2737
24574
21220
3384
5875
8931
5750
6486
287
2857
9503
6338
6099
160
16281
15593
550
264
1554
17029
1865
9381
2568
6063
18421
264
622
11115
1003
6554
7825
9280
6029
10303
22439
19215
2601
11061
25844
1172
1744
14314
15392
13494
19494
3641
6059
7284
6537
376
3604
1333
2070
21260
537
1536
7251
13983
7442
1244
21964
407
2639
4428
10181
14678
12512
1241
7723
1173
2051
10005
639
20780
11766
15646
14185
12
14308
14667
9753
133
19698
2713
24698
754
2475
2054
1571
18983
10675
3945
15237
10412
6640
10754
7952
2987
1430
996
16250
11569
1630
480
684
8002
2126
26763
370
8065
6140
20188
1909
4977
5639
5591
3710
6133
1550
3145
433
673
1183
11581
2013
4047
12047
10399
21420
9785
1864
8002
8455
8772
10437
6010
2279
4749
8765
1067
3104
3599
20530
8279
6252
3964
7431
1979
13197
18958
10382
193
5092
6363
6559
2058
4996
10519
7
1887
790
2321
7464
4261
7029
1761
587
1761
5424
18660
2283
5191
12143
9426
14531
18564
11147
2534
6602
9097
326
7413
11101
25362
13854
24318
815
25160
3657
7405
9797
136
2361
4823
15003
2435
11767
1626
15037
12501
13107
17796
5210
15528
15033
12556
606
1757
3908
17182
651
1854
24266
14706
16675
21744
9168
10366
6534
4196
11751
795
4285
3674
9631
1384
774
1224
3670
12253
1436
8404
869
898
4102
4875
1627
679
15360
10439
7088
3795
12461
11329
19026
716
10166
3270
4843
1157
14800
9376
3995
2295
4207
24039
1272
443
383
272
8624
4104
2745
8160
1034
3766
2760
177
20668
4305
18218
4282
7399
982
9712
10310
10590
118
664
3030
18660
2400
15094
27295
9346
9720
17507
4339
13406
1175
7716
2538
1089
4547
21076
14500
10053
24818
304
11994
23439
13372
19038
13881
2972
7005
14178
22499
1306
6718
1945
4962
6318
1954
12112
2169
5209
1145
12173
6612
17417
14623
13701
9012
20356
9917
14923
47
4474
742
781
1730
11677
16787
10709
8664
1945
15671
20085
1360
6572
4863
8304
9383
4045
3344
12203
15505
8746
315
10135
2058
11844
11741
23579
1845
25969
7409
16399
8274
23260
13148
8465
12718
5442
5086
12733
4438
3338
8295
760
1695
1175
4296
2126
230
17984
2526
1318
1914
10619
9301
17825
16381
14774
15068
22576
10896
10476
15410
2120
10504
21838
19384
168
6366
13798
795
21495
12068
1016
11794
7469
12800
20822
10744
23076
5457
458
2419
24956
1122
1396
11108
16869
20730
5685
19040
5072
1204
14242
1116
1536
7192
754
19635
4631
24678
11392
14483
10355
6653
3990
6253
4634
17583
17498
20587
17025
24404
5122
202
13328
1899
719
26565
5288
19498
2494
9441
9078
2903
5122
12974
5804
5440
25223
1945
1433
257
8213
19838
1933
14189
6751
102
1891
1306
503
1554
64
3601
15127
2587
11958
23219
18415
19810
248
11321
18686
6404
13143
6448
5331
13722
26149
10050
5409
7928
19311
292
1873
9545
2654
12450
5390
1031
11428
16655
15869
10877
1793
14508
23542
8316
19402
12520
8681
15962
1883
14172
8800
20448
3351
18489
18110
84
15532
4873
18198
14756
4903
2350
3623
2742
1687
1360
2041
12299
4801
4567
11545
1610
10554
6188
483
2538
15264
20860
9227
1028
1632
22391
1185
17564
22657
24413
17817
18178
8832
12761
22328
7211
19498
2153
22855
3461
5897
22687
11455
16008
17600
7495
6338
21248
28203
5471
746
14855
6559
2649
18744
14148
1366
3875
560
12747
15146
13331
20328
19126
5487
4077
297
10222
238
1587
6909
5916
4888
2418
727
22003
2086
9172
5427
9971
2427
1448
16930
9524
5214
1429
10488
9638
7822
2731
1483
5650
4092
2313
21387
267
729
6744
14358
13895
7970
2915
15906
18152
7556
790
3939
3145
9914
1623
381
22631
15670
1044
17008
6448
2204
1193
4077
428
4000
2733
16946
4297
18177
1748
2852
4018
10111
7627
4783
16848
21604
8611
919
1463
16848
1571
959
22539
5796
19995
1660
1022
210
10365
2353
2263
15089
14719
20908
725
9469
8300
5624
16850
5742
5462
10340
15375
2829
1042
5669
167
7740
2380
22913
1436
16242
17352
5880
3717
2293
14756
1165
6094
11810
2601
5366
14988
670
2684
6152
14378
173
12993
3427
1411
6236
13255
19905
1105
9707
5751
7405
17710
2727
17898
643
2915
1077
10222
9671
10320
75
2186
979
12677
19822
21170
17640
13107
12634
217
5445
19858
22921
4170
1113
577
1269
10792
10078
633
5325
2944
2528
2380
2448
10749
16631
2235
7766
12383
104
10591
17559
7928
1663
21782
1472
13089
2727
3017
1781
21758
900
5154
1790
12750
22550
10721
11234
315
1565
14105
14030
29569
5118
18466
14915
12859
5479
17435
7508
10530
2684
4129
14248
2572
3662
13854
2235
20438
643
1653
1128
17084
12453
8031
261
261
996
7045
3821
16479
12609
13180
22013
6712
845
9776
1816
14253
17745
8888
7921
21909
1987
9383
9
26429
541
2081
3884
2310
14998
829
19718
19644
772
4214
2805
1796
1105
9540
1304
6764
7440
1615
919
2153
9797
1569
11566
3331
5365
97
28530
8925
13208
1579
6745
24748
764
1864
24906
1329
915
1042
3164
202
12674
21149
13575
15593
9632
2716
8772
16784
2200
2737
15456
2254
5951
10244
645
117
1761
1427
13144
1530
193
2846
18446
12634
11141
20438
4140
5589
16816
3614
4441
2039
3247
5405
8368
3122
10999
2131
2290
4442
16965
898
22423
9643
4347
2235
472
2809
2344
5548
8561
8192
6088
12781
2411
20313
13274
16188
11569
11249
4527
2408
1286
13443
13274
13078
20468
12707
15331
2989
8363
17036
3263
2078
3320
10560
20470
193
13918
6604
11444
907
2195
24071
10404
20156
7277
615
8561
17680
7779
787
14586
1424
4438
6319
6024
3616
2612
23528
619
17680
6482
727
10214
6146
2657
7627
7740
6746
7591
2915
9659
3851
7171
2625
12674
729
2066
19651
4818
22479
10410
11554
17107
13681
20816
1722
2089
10247
261
364
10410
8365
693
3405
1280
15456
1734
8688
5558
8813
12851
2301
21439
11517
14969
12779
10843
24969
1499
21170
3487
14485
11535
1785
1274
14873
22461
4325
15215
3964
9210
11617
433
1450
1738
13691
14665
12509
12321
2433
11224
4668
368
1704
1478
326
2913
13215
16249
6559
6219
2767
4590
9614
171
8111
9619
5279
64
2413
3294
1157
568
22559
19957
1150
3285
8940
18230
12882
9243
6476
10729
151
7286
3384
8106
19266
13223
10647
1800
6615
2673
3641
2089
6291
6257
18124
3004
2353
317
662
5605
817
8096
370
9015
5006
292
2475
610
14618
1278
21250
526
9996
565
1899
168
13289
19338
14665
5199
16557
534
19536
21295
5003
19842
23177
13241
1083
413
20126
15047
1376
3466
1950
949
7865
5594
10287
7608
20500
257
19731
696
2189
19254
21738
12925
4681
11083
7009
8923
9057
3579
2327
18238
11287
310
13858
17408
2511
14090
2710
8130
5838
10527
7029
2321
2386
3717
2375
19600
3456
3519
23388
17083
3218
2315
21369
26909
2928
1761
2992
21939
5940
81
25599
869
998
2689
1506
1266
274
20871
2892
10517
15401
8755
18608
294
435
5365
3150
2579
18337
1389
1450
858
2688
2403
1940
11829
9513
24780
4819
13694
12645
13035
5815
9734
9704
3405
1738
15
341
19627
2157
1492
12520
1668
12991
2153
8385
2411
17512
12747
5300
23356
18914
13030
13426
8412
19540
17926
338
11321
4395
984
6332
18042
6787
992
2684
4598
2207
13129
10253
3731
16110
500
1565
10738
1097
11319
5308
1460
25140
12405
1571
15375
4575
1902
3087
7972
1770
10359
4624
7660
13640
23436
11396
10872
10401
1748
14342
1997
5054
21408
6597
1293
740
2461
12391
9518
4084
3191
19422
2100
1604
19480
182
17178
111
8194
4361
26798
1022
9987
8081
7915
9755
8086
1404
12554
14929
671
18899
11056
3608
14274
10649
11643
15641
20195
27135
9638
17890
16471
15234
2105
13929
1917
3108
26343
14046
19349
938
1034
14454
15395
5237
7114
361
10890
727
17724
2259
5066
5232
3328
14570
17270
4797
26861
22338
11700
4481
9117
17
3288
1912
1075
1374
13689
898
1157
5733
13947
3276
11405
23721
91
1996
2250
25521
19844
3737
14126
3432
5540
20004
10365
1458
2425
9342
2382
20430
19040
1299
10271
493
10571
4814
1232
2911
12588
1618
18417
16458
1360
4221
1034
27
14110
18657
8805
4008
1865
6725
7748
338
391
24256
4170
5760
657
2927
625
20324
9614
452
4343
2676
839
9503
20747
24677
2022
20254
1083
5574
24460
12286
3960
2595
3108
4613
19500
18736
967
5129
22589
22877
1097
10176
13098
9447
21541
11470
6342
996
3651
7691
238
408
9344
19259
7621
5272
20351
4058
3788
8165
16735
23689
425
4171
13166
12070
22854
12799
754
230
12170
3935
3025
2755
10118
6947
27186
11738
6964
3134
15866
19133
10074
182
2213
14148
16241
6989
9479
5510
1926
2189
3707
22108
6583
6152
9379
1755
10001
221
18912
19950
7734
65
1694
2221
2388
9078
3130
27340
14740
20995
2987
18212
22063
1225
10647
20493
16819
18377
1086
13847
7101
10328
769
4558
10093
874
19212
14322
18608
14965
4395
861
1109
25380
17341
23422
2846
1204
357
1530
957
215
11827
433
5032
4830
2846
9493
12320
21065
20474
2235
28886
911
19995
2310
19789
7280
6458
9117
24619
20123
8197
9144
795
7779
2771
8931
4190
6927
8363
9108
5754
24734
518
18230
107
7688
22074
2776
6806
5561
17481
12871
17492
6911
8555
7461
11524
10485
6140
2572
26955
1498
2030
4966
23233
3840
16594
9643
8279
391
21610
6105
928
556
15315
2047
5865
2254
9621
1132
8065
22388
1132
5752
556
19596
829
2782
11319
21385
1378
1049
7311
6653
1481
1857
2961
1037
6762
1636
583
1708
13966
16486
17375
12280
1745
12986
1220
6176
14082
9629
8442
4196
14935
1503
4660
1314
2408
5650
408
6097
12616
6961
8399
3110
27042
6208
949
2681
23072
2294
13470
8813
16301
13168
5859
419
2263
55
2782
16712
7056
17437
5113
19489
6934
7501
3136
1068
9049
2002
14244
2649
780
6084
7828
22414
1113
10351
2147
1047
52
19259
368
3923
1823
19925
15302
1869
6590
5986
2504
1821
8063
19034
6332
84
2574
1346
24647
702
1883
15855
7985
2818
14800
5812
7121
19487
4166
204
556
21394
18030
18241
7277
1808
568
2534
278
1382
14144
5552
589
18107
20240
2200
3973
24257
23060
20411
1220
1704
26221
5910
10107
19140
11319
1819
8246
23323
2452
3127
3903
25841
11470
15708
46
6617
503
19244
765
8004
3393
3143
990
18921
338
8977
247
16819
9536
2418
19786
18073
2066
1719
2713
21505
17078
264
8966
13763
10887
1463
2701
562
1183
9158
539
6076
7982
2502
3450
21368
26895
706
2927
808
8727
8200
5160
615
2734
2144
20009
16899
1621
9674
5973
7186
12419
12616
23421
419
16577
14251
3702
14085
1270
11793
7501
18071
2321
16848
22171
2032
1499
2612
16829
1545
2511
10847
8832
6570
1787
13874
1299
17186
24
1153
6789
22787
17559
2418
9581
5754
1406
6396
13898
15532
20866
5689
2058
7306
4058
3114
19634
12292
16449
2461
1109
29
368
1396
9181
306
19443
16070
23938
21562
10729
2816
-1
2812
7968
79
2660
1400
9469
771
14659
3172
8881
22399
2444
17728
2369
22706
9856
898
1873
3519
9081
10791
743
6248
14465
8823
3540
25646
24515
16263
3840
8987
1324
17492
1573
21067
9866
11776
2939
16960
22423
22201
1684
7610
2218
5558
4379
464
13189
226
24281
6289
3729
2060
8763
11566
16553
11439
4552
4253
21520
3917
23134
11647
22208
191
4623
20894
21541
9657
18896
21608
3223
12045
5283
23129
6932
8145
17430
2369
3179
17978
17155
4073
7251
2564
5636
2313
2852
2773
6477
22200
5359
3530
8740
6813
615
8952
20
11058
31
2272
7806
26803
10124
13435
4761
281
13097
6834
10156
7921
113
7566
313
7578
3218
3954
191
4407
5585
3783
2920
2153
21151
2452
19571
366
10979
9961
7370
13546
11028
1452
25474
529
6554
17371
5849
160
2625
24653
14090
11793
274
3143
1719
1382
6029
18651
19392
12736
2225
3056
19309
9133
28617
2744
17362
14334
10291
9070
3949
391
26149
17635
8329
2335
10253
1489
12286
253
10214
11562
14703
6010
14046
23456
1288
8338
13704
3882
10003
2957
10626
9918
10987
22492
2461
18443
9825
1616
10724
615
16469
5125
4318
12485
461
11063
17978
1079
550
16130
16263
4271
8815
2968
18212
5342
1439
12110
1757
11826
2396
10295
22277
14181
13694
1649
10525
14065
4195
338
2207
944
12003
10615
8830
5329
20453
11063
19017
7535
17081
811
28111
15866
9346
5316
20682
317
15105
15461
1914
1228
2765
6360
1116
1578
10611
12191
2724
26608
1703
12733
11127
764
2237
28621
21064
3363
8734
1188
16453
19130
22854
2635
7504
2574
2515
6097
5084
10749
1054
20004
1089
13823
381
10948
5907
8267
3313
12547
12451
328
11192
22979
25375
358
26964
2614
6010
549
1145
11346
14939
17753
17437
3389
29167
18682
425
8399
18489
19744
19244
10952
4176
315
2482
6507
10150
2315
16624
8407
8959
1806
14431
4990
26236
8136
4336
2722
1514
15990
1016
6123
25339
1670
22743
11281
12053
17821
9565
6356
9505
5543
1909
15866
22781
9981
5669
823
7142
20728
4726
21251
6426
12807
677
1565
12
27328
859
2384
765
1802
5311
20022
6830
18311
6822
1708
1253
1496
1486
5533
5929
11025
17485
3939
11826
503
458
17512
21272
11099
13842
13490
14069
19440
25498
6576
11868
18546
8052
4170
20479
8462
5727
7002
15684
411
121
11963
14852
9555
14941
2237
10439
8664
10923
129
4109
55
10576
20747
10818
4977
15969
9611
4758
5894
9946
22636
21
11048
12595
11897
4947
3732
3179
5257
14306
21111
26707
8905
17122
951
22870
6105
14233
8597
21663
11185
8871
24610
6390
9891
18253
15784
507
4481
702
10508
3020
93
10280
17690
2116
1039
77
1920
1204
18435
14468
1530
5802
27389
1982
1064
16360
243
17536
6291
3731
723
15661
543
7422
271
719
1366
4016
18210
12409
2679
8415
21399
20048
2189
23066
433
3632
12583
4603
1031
5143
708
13178
13314
4201
2075
11643
3216
9097
21772
6334
602
3247
3085
16810
3030
2322
2195
11370
11594
407
1427
3731
10161
10271
10176
8825
18797
160
14064
10492
22232
521
23968
2285
13340
25046
3191
6954
2191
17672
2293
18012
27826
1753
6658
21301
9407
2944
137
5048
4422
1236
3524
21696
1022
752
5361
10747
2792
10672
24932
2937
3762
5961
8265
6724
17849
1047
11310
2128
3223
16157
1742
10928
1486
8545
2066
10297
7683
28157
23817
6997
5557
583
5884
368
5442
19970
610
18274
5048
14688
8640
18424
14809
4402
6950
4840
24409
13793
4388
10997
5111
1512
102
6390
7599
13559
16153
9161
3744
26686
10636
2048
4311
29032
15649
14319
107
518
17417
2906
2444
8143
10568
1565
7405
1668
5903
15776
18556
6863
9886
1429
24266
17904
4382
9332
1720
9932
7756
16246
1833
7280
13440
13947
6380
11617
11222
19824
4640
727
14349
3632
6283
3836
11844
1579
5237
104
5703
5669
22598
12265
5594
2008
5773
876
18005
1708
6632
6471
4927
3884
15143
11350
2597
15268
1077
9814
1005
13795
4176
26111
689
10249
22426
10896
4822
2331
15762
15902
15042
14222
15962
10545
9246
8056
3850
23302
9081
8062
368
631
760
942
5646
633
957
8805
17592
23042
1644
1567
4462
19912
24922
6373
18350
10702
5981
23925
354
2163
15436
699
5967
5541
144
28787
890
14670
25820
366
16263
386
2204
9125
7265
1022
2188
10995
7520
6326
10968
10713
843
3803
2060
6665
3843
1012
10253
21534
17861
195
2335
3555
2032
7560
16253
10948
615
6203
22981
4975
7901
3552
5593
15268
1632
2163
2504
4966
14275
17367
14790
11135
9943
2757
5687
2428
5086
9313
13865
23886
20462
18076
8516
12707
2469
10520
25126
2400
2684
16068
1449
474
1873
898
12577
9532
9284
14024
18361
17955
3672
1145
706
2587
8643
9089
1123
1578
33
25501
12333
13536
7723
3087
2471
5916
6827
7853
10694
2579
12079
8772
684
1183
7391
10011
11188
1215
16984
10332
7068
4243
14178
11489
10586
977
9529
5524
1232
506
723
3829
18393
18893
629
4501
4907
5563
26950
2087
6051
10207
1400
11963
8977
602
15061
12352
5841
20
17014
12299
5322
25947
2335
9117
16951
9308
2441
8489
2490
974
20991
2427
2120
1382
20355
5740
10882
12478
343
13401
22533
2775
1895
1523
992
8614
926
18238
17335
5568
6658
27514
10807
568
2744
8340
21466
2340
19993
12904
374
9308
19299
19200
11589
3150
11656
6609
5429
11108
4004
12564
2299
1028
7203
819
18093
10492
22523
16120
8329
2092
10939
16690
15042
7960
16306
341
23356
24154
13309
464
10763
26597
16780
11231
20904
2572
1083
21372
22391
1781
13577
21672
4885
5647
2008
9429
1806
10366
2742
4016
24454
25925
13653
4462
1442
845
4361
1113
17595
24520
12520
52
3815
73
583
3423
6784
1748
25496
992
10029
3232
833
2478
9816
13324
13955
2207
1153
16270
21479
4097
7081
15666
4347
1854
15351
441
25618
25609
12822
9007
2983
7388
556
10462
1671
967
1107
7375
14246
396
11178
2494
8365
4983
2791
7262
537
8542
2117
13097
3408
16787
3891
21288
1622
18706
13940
8152
687
526
1161
13292
5820
10797
1151
25589
20254
16241
24560
4373
3030
18957
285
5371
24791
2048
4794
18718
6981
16210
12606
11396
8674
2630
6867
16386
7987
12472
5703
15237
10300
1055
21314
7458
13081
21541
932
25035
7499
1687
2518
9734
9829
1492
14618
16909
8852
10204
12292
8688
2200
22195
15833
5635
5708
1571
1926
2682
2518
19152
1283
24336
1503
12950
7617
13621
2885
15673
9993
23270
2639
1708
18440
11247
6208
11997
18517
6597
21712
2448
1922
8979
16382
3036
11656
4575
2456
19163
15554
5745
2612
1016
1299
10410
15925
10744
20309
1554
8568
13089
328
129
6121
587
19556
2767
12199
17775
4551
3304
11994
1413
3903
2248
641
6894
16772
15341
1558
3777
349
21557
4449
3520
847
2406
11227
1714
6754
7243
10467
537
19311
935
12043
4537
7703
646
1304
10057
708
1153
1987
1954
4588
20302
11594
18973
22000
1006
960
55
1698
27660
23439
16034
8701
21786
2645
3532
3905
17071
199
8643
8499
5353
24670
5951
2660
3896
18453
15362
497
12731
13665
5925
1987
13029
25048
2601
18778
7683
12945
472
3566
413
5442
23696
17240
11662
6102
631
1130
25730
26470
15634
19477
20705
16022
11007
10293
11306
9629
1994
829
448
3683
4339
1378
2742
1534
15129
8627
19905
2016
11393
11589
18884
2368
13872
2466
9386
10127
6767
15768
533
15604
10938
14069
136
19489
3495
6878
3856
13717
18916
19999
1333
2313
1165
1554
583
6301
673
2731
3058
4455
26455
12582
22667
19235
2097
22302
923
19307
7668
18886
1897
6612
10679
26786
21110
1534
330
13383
6593
2701
396
1729
10143
1132
2757
911
9873
6248
2161
1224
7032
11963
4190
10109
1284
12239
18106
19975
2538
8496
5447
7806
6587
8740
5334
4791
1321
725
12514
1456
21873
11844
3232
4924
26111
11099
1344
17619
17600
6350
12419
1603
12208
3221
12403
18641
15105
22148
17360
2365
1301
302
6462
1263
3510
11165
17645
14409
2532
2490
15
2820
9022
4515
3726
5251
14046
13612
984
14322
5533
738
16458
8145
829
497
1224
3594
11626
1716
14239
297
17345
441
1632
1486
549
2633
645
26611
14963
4073
6043
81
2587
24683
8808
16728
7894
7886
7130
14158
6363
13543
18440
454
888
3612
1430
404
2807
11467
16599
16863
10198
513
4828
3410
17742
6467
15580
5627
2979
17284
4034
185
9396
4291
10451
12724
271
413
68
11009
24301
3110
996
3524
2325
1329
16701
9911
4459
14941
5186
3499
25190
19735
9709
2133
534
16183
622
26671
2799
21679
16584
2508
11849
5887
5203
1841
18142
3667
8185
20334
1567
15736
16483
6007
24253
2765
11698
1575
3255
1105
704
15580
9966
10147
21417
15019
5194
7458
9421
3594
8467
11246
687
16504
8729
2671
1597
5823
1266
2852
942
19866
25724
2557
4481
2013
2028
3118
1400
1727
2422
10744
12613
1649
796
15910
12043
2480
10027
1012
2231
9571
12512
1719
8604
302
15208
15326
9202
16850
710
2677
18638
9463
7135
16224
7061
1990
3945
19510
2555
17062
1608
2749
17441
9072
13406
9231
14332
9298
9720
21205
400
9078
9411
6157
173
13103
64
877
7938
425
549
26391
20682
12825
1962
6551
11997
10920
4597
11603
5570
5221
10945
24568
926
10517
6981
942
391
4092
15343
12409
10376
11065
12263
9711
5929
1770
2935
2392
1627
8489
17411
8940
17217
7898
9275
20273
14506
9625
209
18954
2449
1644
18683
1304
6242
6157
3081
2071
1526
10817
649
438
11287
19185
533
8581
7061
6287
904
487
2852
4184
11056
1767
13118
23311
11379
452
22938
1210
6886
10834
3875
8616
5140
14322
3917
2321
12988
6092
359
8950
6759
932
1101
199
13383
8216
1883
6495
839
1025
3136
11061
113
5009
4245
3867
10643
2041
627
7936
959
7090
2218
12743
14859
11726
1595
5812
8336
4209
2108
7880
1075
15074
16549
24416
22557
1175
3982
1386
1521
7656
7786
12577
10222
11448
15994
25919
13012
20668
4125
14248
1565
9549
2092
136
1172
20410
7535
932
116
7941
4588
2511
7309
9
11264
2502
22023
1095
9738
9499
15143
7640
18983
911
13166
8561
13192
14166
19126
4073
1072
1429
153
3196
9447
1651
21254
587
13612
18819
1979
5672
764
26488
28452
4301
11417
12237
13763
911
5232
785
493
4627
8437
9011
5331
22713
421
20242
2126
6386
23843
179
6505
4314
7770
771
23512
160
25028
407
8862
9472
9977
5762
1228
20392
5733
1793
23130
3196
1102
2384
2431
10277
15302
10911
461
1985
815
6840
8206
2582
3238
6863
20489
19603
2318
22198
22195
3108
10027
1308
261
10641
17531
3247
3987
15308
10422
7894
5290
9663
23685
4627
9782
20588
3263
1612
3867
4164
2153
7989
25192
4801
12953
18076
13701
4963
6775
1517
1415
3701
503
27581
448
8903
7217
6932
23194
7295
18027
19372
4984
1690
1663
693
9529
473
24634
10391
9421
28493
16780
6687
913
21427
7612
2951
10669
4388
23650
16158
1445
5572
14988
4990
10750
903
911
16984
5035
14080
2660
404
7032
16843
15125
21557
5184
7135
16018
9011
15427
5936
5854
25411
3781
15524
8476
9743
22756
11139
22153
15059
464
13202
23640
4314
8903
16954
16740
22287
2041
4239
9250
1391
12405
1587
6755
526
4296
6759
2161
15986
6092
3369
7174
15329
20296
1926
6339
16354
9396
2376
302
7977
24944
15964
16406
4721
9659
7542
2572
2267
12129
28269
17533
11452
27690
2483
12743
7023
9791
20167
2067
477
15098
20496
474
9529
19217
1777
3896
487
28721
12464
5265
5160
2353
11112
2464
13865
10741
5462
18198
14864
2694
18573
1241
18973
253
13828
21149
5774
6551
9456
546
7921
8179
1567
4708
24717
837
6216
4402
5359
11519
2946
2289
110
4201
12272
2357
20637
727
25661
27752
2775
2475
954
2081
2749
8462
3850
18579
4271
11052
5416
890
18739
9540
3357
2534
9379
277
21474
1299
8875
17089
2838
5773
8060
17233
12962
26866
10050
817
13065
565
1914
3252
5724
25234
4782
26243
2227
26543
13119
5694
2215
1086
10043
13024
4873
2737
4640
1864
2299
19209
13979
1781
4738
1283
23948
17753
1329
13833
4953
6330
11347
8143
731
17472
14833
7791
15294
1178
8396
9030
320
5826
6036
13847
16085
5407
857
13443
9472
1494
1839
5029
10849
1571
3844
7806
1541
11270
7935
9212
11812
7405
1366
17288
17400
18173
1767
2427
1920
12370
9425
2630
990
9686
7964
13765
3696
16301
8318
7328
1506
661
4695
1159
1962
6723
8457
209
3495
13038
2223
3393
6744
8772
2760
17190
1118
40
1934
7274
26329
5849
1181
6287
4952
221
415
124
10908
9357
4892
1813
699
6184
18728
13268
12653
15663
1413
13446
23575
361
22049
8974
5325
5090
267
8191
2441
6909
5460
2008
7140
12134
8931
590
11496
6454
9117
733
19611
6200
2956
1736
9786
749
8982
7994
4462
1739
18319
1523
4504
291
15115
17399
9332
1736
7782
7103
5165
694
18469
18533
967
4663
2983
11319
17065
1436
288
1662
26891
1514
7489
14436
4051
10140
3670
304
7985
18263
13541
1685
19491
8432
23162
383
9536
967
22858
19480
1642
13205
4977
11716
7164
4448
8056
18047
1280
7133
819
11120
3759
5116
9956
15509
10688
12982
6456
15760
8467
9934
18845
2210
10679
14046
6133
14110
4171
6212
14756
15137
9415
9734
13689
7265
4805
1250
247
20063
592
5491
2506
2008
21000
2582
287
10116
7750
9215
1276
8045
8787
1022
1459
28174
2299
3884
3118
10847
6271
9429
5550
10129
11579
731
11385
5970
6481
781
20507
6609
2513
12170
1556
2688
14246
6099
428
14818
8586
9485
22220
2180
2579
4548
6590
531
1666
13850
10858
5687
20006
18619
942
14833
1751
1433
14007
1989
10517
3047
484
15274
8763
1266
8587
1945
2633
2392
8796
6057
24
18100
1536
10492
22004
977
7246
8659
438
702
1137
10068
14515
3381
9346
12009
2737
13597
20287
4590
15938
1536
155
9007
1594
10655
10543
25263
473
635
2275
310
484
3
2206
20498
10116
20736
1168
12120
6196
949
1486
15863
21813
15064
11909
26609
5685
2785
15844
1660
12132
15930
12290
1236
148
13189
1116
1042
9879
9646
18102
12301
116
19162
7287
511
483
326
14047
9614
15002
15666
3384
1326
13649
1547
13261
21672
12295
20854
546
1534
25129
23721
5505
7849
9304
4597
2227
1825
1063
435
3775
26763
1362
992
61
404
2899
7985
7761
14855
565
543
3632
15566
21059
9030
18186
1833
2826
1933
15613
3928
14254
14046
2133
8611
2100
9225
10132
14231
10956
10280
17628
19058
1492
1968
1885
17817
684
2957
10467
15166
26839
11652
20654
2008
14162
144
16810
6725
313
3666
3363
9917
8755
7732
3478
435
6242
9392
24847
1477
16888
6740
17454
12818
4990
13247
12168
5951
4745
16584
11590
8561
7187
16629
12170
5302
992
8385
458
2617
13639
526
2373
1117
19464
4051
11794
9744
2857
1057
1197
7466
795
13000
5201
1063
2778
8796
14510
774
7876
4984
15116
9441
4782
23302
16594
10930
2120
1928
18750
531
6540
13626
1506
2705
2896
14472
799
1700
20502
11605
1924
2511
20899
9689
23079
10872
7892
2497
11058
7108
5535
15328
2018
15823
2663
14919
5086
18357
13701
13069
13955
2215
6307
3526
8428
9998
5209
11093
20619
11112
22639
13030
3285
9215
14126
3162
3520
2427
12547
14980
8813
7228
18157
11919
1467
2047
2597
3105
20389
3068
230
18386
8355
7578
26281
15947
5622
2688
4201
693
6644
9635
4159
519
1443
2671
18386
2452
12626
16654
1869
913
1683
7512
2755
1571
5425
20772
14486
23230
7724
423
3043
8637
2530
73
20987
22584
2218
3170
4224
19114
86
29386
6271
1344
452
4628
5920
16462
12761
23094
421
9243
3402
7730
25048
906
17399
1753
8503
46
9165
16810
7883
1047
1187
12490
556
2002
11442
16134
18054
11829
10473
1512
10247
1492
1386
585
68
12316
5831
5275
21657
1200
1080
7784
13795
15316
2478
184
25146
27
12481
6509
7140
7073
1722
2727
22645
14424
6373
20581
4888
4173
1550
12575
6424
315
1477
2109
839
2211
5129
13893
4517
11682
1793
1971
1360
15573
10176
624
7748
5685
4427
7523
9581
3393
1748
24112
233
5385
3240
21646
639
1067
136
1079
1519
11142
11036
2411
17665
13053
7563
23919
8966
9974
1153
6396
6493
4491
12120
7938
12922
4840
383
5936
7591
4623
386
568
7181
2344
19768
619
23943
14240
1857
8208
18638
452
2192
17416
12663
22204
7762
3015
1683
8962
9785
503
1567
1933
15148
8922
261
4474
8394
26332
9932
11083
1137
23813
19566
7678
11800
11645
15671
4388
5876
7240
1730
8616
959
3015
5102
5890
13217
1962
3087
3932
1501
1810
22745
17167
1455
9532
12116
402
1472
10975
8995
22447
6301
1693
1954
7444
2265
9846
819
1241
3267
1396
1137
22164
2235
5087
4789
2067
15028
691
14267
527
2411
14222
1165
1629
839
2102
1639
16688
9643
6164
13546
19644
1077
3995
3884
25227
17270
21185
14639
1895
26123
12905
15227
2180
5129
55
6999
2303
4336
1060
16634
9712
1022
6844
4334
20885
1438
17047
1626
17838
5770
3515
15967
1770
4623
127
5457
25817
854
21622
1355
6646
24956
734
2142
217
19221
8330
1802
3475
3162
13949
6116
9903
6028
6053
1767
16987
3258
19476
8611
2601
1704
7591
19462
8340
19358
6047
18517
17151
2013
10265
2293
12631
23857
4582
800
8754
28702
8257
3939
2688
9112
11600
13439
17361
10580
9663
14596
8585
13077
12320
433
12831
7234
20309
341
10204
11073
1538
1341
9150
799
11817
12701
3928
16228
3464
3576
1748
25997
4636
5605
2357
3308
6332
2155
2892
11738
7227
12419
7874
5733
18656
9415
6665
7352
6604
16216
17870
795
6353
484
419
3320
2273
7703
8914
11869
8338
1141
9463
2120
13918
1016
23085
16014
2508
5893
13691
8777
19033
13986
639
11800
512
16888
7701
28005
19192
2267
315
7924
4201
14837
15185
5304
2816
160
4818
3795
21537
12255
8698
13184
2500
23514
7422
8306
300
8412
2540
6804
16212
277
25074
2987
11726
9806
2688
1299
24136
23439
4124
3982
20552
17886
7293
9503
1708
11012
8297
2972
16034
11555
173
1022
107
24522
6799
452
19789
2418
727
13562
18870
21450
464
15914
823
18657
10379
7019
7841
2543
42
5193
2494
1763
1429
5672
1532
20524
23724
1630
8503
10861
3075
20561
5120
4619
26582
10552
7450
5189
11643
5751
1470
1939
2875
774
10166
1175
3453
1660
1034
3840
7159
1178
1259
4531
5187
2279
2852
14064
2948
1368
9650
7188
3923
129
1113
4975
21123
21639
1049
1037
4763
1957
8206
11872
10723
4808
5682
24846
1885
10682
4270
17411
2679
562
4503
1280
4617
1283
177
12837
4797
19739
1727
1958
1506
603
10322
19064
5371
7782
8876
22479
1823
2574
18698
6796
19842
2046
1772
2058
1280
13154
20613
12427
13922
9697
470
5390
15930
255
16704
3270
1308
6934
17716
7777
7696
17554
1833
5414
13446
13629
11467
6712
6587
4256
854
5300
9293
20464
7761
13655
5859
1393
3884
662
2651
8781
4558
458
6705
20913
7560
12158
17196
10636
3777
9709
1154
247
19512
5925
15666
4368
2301
15776
14772
22205
9125
1095
14818
2218
4119
15015
21254
21093
22877
1299
8045
959
18736
13378
13223
2133
25938
2308
4834
16044
23664
16696
8457
10244
3235
4783
2028
17654
22123
13197
10102
15768
13251
156
5272
13736
2161
10437
15673
5031
12305
6720
26068
6745
10445
1486
6281
24522
1922
22130
3053
15033
16961
4625
16756
6903
435
2572
1422
11065
9529
7931
19977
5564
1217
348
8871
2153
1335
9834
21391
13225
13197
20489
8487
20685
7188
303
13430
23884
10201
1199
8586
23066
13722
37
21766
13653
3097
2688
17986
6109
7119
5953
3283
509
2728
1727
2126
923
3299
1244
1488
14004
17421
458
13103
10627
2794
7350
12448
16540
9524
20207
1790
14576
8668
6212
6152
1565
4051
1394
4113
22860
4190
18077
11628
1206
26209
21094
10704
5859
10316
21848
1396
9447
467
16031
13697
8653
2140
5096
1800
8060
10455
17538
12164
22369
2684
526
7176
7455
6236
11643
6334
2418
2595
598
2433
12677
2249
9005
11115
10729
7701
17567
3005
8352
2689
52
411
10458
10430
3295
16204
11944
1232
16309
20063
17367
487
7969
3405
7240
9459
9246
2437
9536
10797
10647
9477
6545
787
19286
14255
1674
15191
20848
6203
5561
12810
2848
13953
2482
1008
8910
9740
949
2679
907
22223
8322
8148
1793
8888
2403
26995
4087
5687
19378
2360
1470
4561
6413
1902
18677
8171
5776
15771
7581
9441
6759
19778
5687
1326
136
2452
7092
7094
17265
8758
2390
1761
15012
1732
2679
5215
12595
1880
1793
16957
10295
2899
14327
468
20468
52
151
6995
12389
86
9392
5205
5120
668
366
6685
823
21274
3376
1126
4997
11078
1314
12650
8060
610
23242
17668
9246
3127
5431
10525
4869
315
13448
2166
10442
17182
18051
2002
13202
2612
10552
17658
27005
18043
771
2469
657
3737
6373
8402
11886
20919
5860
5967
7243
2321
754
12263
4109
12145
7921
4209
2403
12330
9648
9529
6070
18824
679
18859
3410
10718
15261
20725
1857
14623
8469
1647
511
4781
2433
18116
2667
14616
14573
3438
5975
5090
7437
4164
5973
1703
9877
854
21062
22683
129
2444
20484
6380
23627
1310
8830
1503
10971
2279
19662
4830
4247
531
877
8982
18713
10399
6561
5888
3647
1859
21194
1889
9903
22840
3900
7137
1097
598
13324
20913
20167
12719
6213
387
22005
7208
14744
10291
890
12313
20879
1642
22485
1708
23504
1101
11118
391
11286
11223
2406
2323
11018
359
19058
7748
1443
9087
23017
8574
3252
1290
3939
16352
452
769
5955
8211
1107
6276
5057
23938
8325
11310
2293
19955
1488
16793
19809
3357
12051
7352
21260
22302
18466
16128
302
708
6402
9167
20094
9367
153
10554
1337
2365
8052
1028
10610
15243
7991
3857
3428
5060
2218
7271
1103
8432
483
8189
6665
9791
3775
957
3766
111
898
8643
13323
606
12074
4468
7201
14607
14357
19873
487
11508
795
13581
21420
261
2022
1051
12210
2540
24043
7334
13854
10166
8522
12602
7081
7581
6330
15416
18206
10459
4173
14118
1234
14829
6817
3164
4305
11296
5209
625
6921
28015
21689
9464
4427
17171
10287
10374
8521
16270
2733
14185
5113
13786
441
179
3244
16005
11218
2903
18173
9472
1172
4702
967
17791
10187
9532
624
19644
8585
25994
6344
13366
22698
2602
12041
17354
21260
2731
7688
17354
458
3636
1561
7814
13614
7897
1283
674
156
1293
14120
7809
480
6847
249
2103
13422
5760
19460
13649
17038
443
10003
1483
8320
5235
2552
20985
1578
6912
1634
12772
17607
3
20143
5639
6972
20654
1236
1793
10498
6549
4942
1587
11886
6639
2967
18851
8421
25925
14910
21266
27208
13060
4058
1382
3615
9454
1378
606
6088
25194
4202
7121
682
727
22212
12626
7382
18651
3085
13678
2365
1028
3618
8936
17731
11215
2299
2722
6847
17464
25217
2008
2293
24854
11455
14915
403
13681
16161
6481
19496
10089
21019
890
7627
10811
5004
6176
2147
911
9477
556
15612
3900
3861
13474
13349
2595
7489
15515
2518
19343
14889
1887
2660
2144
1256
1057
433
5751
2688
22212
1819
16852
1458
13069
1060
1887
24134
19292
19905
23108
12112
6141
11218
6835
1841
2116
3628
11347
11721
14375
861
6021
7748
1003
4455
2846
13701
23572
4325
3480
25687
11273
12877
539
9586
622
199
10567
20530
127
13274
5138
8857
14800
1324
2018
25178
14530
278
7415
1914
7422
15490
21019
7506
6378
1803
8092
5300
391
11860
13244
15142
9771
4173
4706
20648
1997
23612
2092
11579
13665
3010
14850
26988
3154
291
25982
7751
2013
3302
1406
7063
1772
37
4711
18767
3369
5831
16872
5099
533
19600
10817
2679
5925
86
515
12403
12255
6079
9235
20130
17020
20701
7849
12985
3212
15973
3562
21404
22471
790
3181
7005
8531
764
1873
136
7243
9168
8338
10225
11439
2763
16486
12129
10498
310
3598
5146
1763
9174
1854
19876
3840
5300
26068
7174
12949
22110
5526
7530
1022
7853
957
733
477
50
13126
11139
2452
869
19562
15260
136
12316
1386
3998
19108
8052
11826
10997
14503
3247
2102
14665
11785
1299
9407
2245
643
3127
8678
16476
10268
9814
1632
17416
3179
11346
10229
21851
8159
16612
1671
1022
12135
18379
7523
18188
23260
2615
17866
2392
1933
1922
2557
18818
1107
661
622
9597
699
11101
9004
8505
6260
79
16426
1700
7306
7634
1770
84
3427
22378
16013
24713
18217
1761
6419
4314
6796
10074
9711
291
26673
191
25465
2601
5499
2688
1567
15467
8197
14610
160
19480
6626
12912
25789
12907
5032
17274
26600
20025
10734
4861
13463
21610
13778
21639
1710
4217
2694
20658
22547
20664
19245
658
15936
40
1193
23054
1595
12919
10225
1382
3584
1685
16925
1083
12539
9463
1719
6212
817
18989
2500
383
9499
2390
4474
8821
20421
16543
10663
3247
5237
9966
6957
14454
16125
14501
13503
17073
11127
2452
22485
17421
1657
2256
10802
20117
7057
13562
9339
4743
7443
2235
291
11247
5975
4438
17978
15151
9937
998
15042
19838
18396
11535
22837
4036
4555
7610
2937
1314
13119
1283
14169
19885
12326
16172
17697
14925
12634
2406
23956
193
9681
572
2102
7649
252
1039
10038
247
20969
165
22218
6257
18417
21035
2591
14342
17978
8763
20510
6947
9686
2601
13731
2713
14165
2186
2254
11464
27866
19851
11061
13157
725
11346
18301
26254
9536
6746
15686
1315
2579
18311
19274
689
1113
7566
9884
2140
12092
17869
445
18449
4491
2526
15375
6304
2979
5919
18386
261
16228
1153
13722
11155
4238
17367
2503
8837
221
1920
1193
18052
25140
21444
702
392
4448
8318
10489
21541
815
16276
13347
1323
3809
2697
8483
5745
3378
988
11338
2521
5414
7750
2206
10931
6954
1095
1458
22576
17018
10525
4660
2008
5012
73
4201
11031
3252
1703
57
23531
1763
22633
1748
2272
4325
6137
11131
14207
8821
3344
1360
27471
2241
8260
7849
6257
836
7323
4899
10320
27153
21314
21093
1554
9415
19238
8722
7800
9158
10746
602
3283
23471
17675
719
252
302
27677
445
1238
527
6376
4640
556
26313
2335
1748
2574
3846
4182
10655
5060
2478
2494
50
3789
23531
6825
15187
1930
11731
25353
15260
7121
28995
5468
15554
8173
16893
8640
960
7243
364
13056
9493
2403
10329
4598
10001
21704
4518
20762
1934
7186
18467
15285
1107
11334
967
6415
2755
5060
17953
16954
785
12214
4289
15784
15779
869
5175
493
2359
7306
4078
3641
7803
18354
4977
2006
9004
3553
16280
6954
2408
20261
16176
15496
18953
2254
19227
1604
1448
8267
488
19460
17267
2384
4115
8491
17386
10101
11101
28194
4202
14596
2582
6890
4681
1427
534
19898
136
2713
6171
345
15444
22675
21784
12822
24481
10348
24995
1920
898
4330
6847
1649
14521
1105
4501
12896
20343
4547
7517
24426
3896
17379
12495
3393
2081
2660
16056
17969
13959
366
10152
9591
13243
1452
13
12949
2335
15447
3020
589
10914
4828
11293
9791
1987
7280
3393
10361
904
16499
1130
20454
27889
2684
18047
22226
5466
19124
20436
7045
8269
24504
1486
3737
4889
28162
19183
16476
14347
1512
22739
24700
11960
4966
15044
396
16796
6954
22570
738
17068
14645
3858
2587
21534
19789
623
27110
4915
407
5662
4869
8936
10995
7762
17541
20583
13388
1869
7063
1936
11733
6140
5133
6007
16325
17138
4164
18152
2739
7101
8868
12854
4892
4781
6213
8440
19287
476
904
18483
11785
10802
3226
210
2724
6208
849
11392
8482
25511
18827
27042
1517
22661
2189
12267
1338
8428
16268
1854
11909
24195
1017
4073
19304
2449
17576
22021
3056
5009
91
3370
3330
9622
8612
12656
1865
14039
4555
1647
13589
12666
124
14338
8279
12045
4201
21111
4361
2492
6124
1116
4176
2694
10649
15399
8028
581
6529
7364
21185
20163
1698
9820
24631
52
13238
2755
10462
2508
1095
6621
8117
22845
19621
20076
1977
73
1244
8604
7745
5913
423
2803
932
629
323
14687
3127
17457
24849
122
984
18808
16939
5390
14105
1016
23821
1649
10849
17253
1382
1022
1065
15274
354
556
22872
1458
2422
1757
16675
18691
6698
1215
646
1885
21037
9501
10374
14536
9625
16981
17197
1063
4644
9834
10127
8106
702
625
23682
2370
20135
9655
6320
4261
366
16487
23329
2155
1137
7495
21417
26429
19786
22409
7023
4720
2534
2645
15727
6834
3138
6402
3840
1321
8010
17917
22589
455
7828
7364
539
156
27407
2944
21387
4238
26371
23391
3204
13686
13121
18186
7186
268
10068
25052
7157
6715
11149
5558
3242
4270
3729
20527
9608
20235
294
27231
2892
6740
11075
10788
2331
19755
3564
7352
23315
9122
12436
6548
1994
9525
2587
2931
6865
13349
13202
657
25028
10417
8890
1618
2523
2161
1917
6665
1299
8254
22171
19518
21223
967
13035
368
21187
18530
568
13347
14833
18992
1906
252
12068
17356
8037
4782
740
16535
3715
17890
28036
20525
11545
12278
11741
1985
1097
4808
20652
8437
4936
5175
10591
2310
8117
9816
24549
25894
756
3455
18573
11083
2452
1968
332
13398
577
6927
14113
7523
2688
742
2645
2097
2321
21468
2614
5856
13694
21187
22540
10897
23797
16848
923
207
1736
19417
22204
9310
16713
8175
15158
8817
9686
2180
509
26419
3345
5156
2441
25108
2153
6107
7870
487
12586
5595
8381
2271
845
423
2054
5975
4617
2374
10508
19144
10052
4504
5253
9087
1550
2466
5681
5308
1148
15825
2639
1095
25501
20784
17054
1891
17984
6693
23779
24387
7519
13863
10600
17796
3420
113
1224
2250
1833
5223
7265
1006
15318
3532
2131
9349
26690
13049
11177
25458
1274
17047
391
13649
10682
15971
6192
5294
2078
7451
8614
11603
5662
5812
313
13708
10911
3365
6318
592
4569
8597
26470
9235
5105
5466
2285
10161
951
20415
693
423
2508
5181
6665
14662
1850
9246
649
18061
7429
8743
874
13736
2142
12420
2354
1408
19600
9194
4465
556
1571
25318
12602
6471
18899
2285
11158
21041
9336
18677
1763
506
16120
10672
1623
14194
5381
8322
9184
4716
16399
14287
21321
847
1145
9946
21106
2823
15111
22198
2612
631
121
18717
2612
4305
14267
4831
21838
73
14378
8781
6428
19625
14338
3629
12962
8879
17114
6231
6094
17224
12022
1057
4230
3061
7973
23795
5015
2927
687
20244
23715
780
11834
11254
1122
17182
699
1397
425
148
2026
1137
2500
2852
19517
116
541
17933
1400
9861
2961
2089
351
2044
13958
11978
19076
224
2530
160
11581
229
1122
4561
20343
8522
27911
27
6380
9966
18638
3795
5627
16452
6116
16638
2511
9683
122
3745
14582
2157
22705
6440
2612
11500
4702
14419
1892
2321
5366
2557
811
27282
11535
3447
21689
1038
19191
2612
6173
13647
973
4781
830
3072
9765
4627
3223
5957
15765
3242
6943
15396
3903
3828
5148
5507
2155
12840
1355
7768
15417
534
4721
729
15385
16379
5052
986
2441
11437
27459
911
6074
148
1909
9100
7164
17825
2614
20744
5520
323
1632
7464
19698
5887
12028
1933
4818
15708
738
13314
20520
18453
583
2705
2486
14593
15045
8552
577
26011
1857
3850
3452
3829
3206
8230
9283
13964
6449
3933
19562
8864
26231
11321
8708
4715
2630
3207
7656
21323
174
10239
2654
8430
612
16018
13295
1783
11529
6166
10561
24526
8643
10387
19254
10068
6196
12045
17330
6236
13184
20100
15421
302
7334
247
1666
2457
4781
4468
10774
10322
20021
4773
11063
6105
13163
24761
1424
1971
1308
21726
247
9637
433
4018
12586
3590
19568
6332
8487
10519
24104
9208
549
8293
5697
7980
9404
171
11018
253
223
18461
9233
7617
4552
8995
1710
4243
11698
6291
2908
1580
22180
11870
8175
6253
6699
6164
1244
7519
1757
15746
14181
66
2951
21101
11834
264
2651
3352
9480
306
9208
1256
752
2903
11785
5129
1666
1449
12013
23323
315
11684
10754
1102
612
4427
6419
21069
1558
4748
19238
14422
2663
1748
8028
9115
419
2359
18245
391
1891
19684
18736
16652
9122
12693
832
2755
610
8122
7009
1666
14990
10028
10928
20799
5700
10829
11930
4119
1937
3201
4654
9411
16338
18503
13722
11455
16970
2597
92
5184
622
3857
2254
160
16343
14363
6314
2835
11600
959
27383
10361
23821
17854
4078
14357
226
366
28174
1512
14744
11258
182
9804
20022
4673
15053
8052
8931
3903
11072
17141
1524
19003
3308
10766
9724
16930
473
977
5026
8284
5555
11819
27424
24594
18838
1387
977
2649
12930
16219
1278
8134
5778
8425
9030
2192
3172
6617
20585
6019
10627
160
12681
23879
2128
7367
2328
10937
121
1408
8034
7523
4773
5735
11447
6171
29743
1413
7897
2595
2913
693
664
304
11416
4334
13112
16559
4524
6808
11374
20576
182
5466
16652
21253
2136
467
29039
11710
876
3320
2047
5929
6792
223
2058
1099
1109
5015
8552
15392
19309
18999
11745
1025
4365
27628
13121
5401
1796
9930
5996
970
19050
1382
4405
10196
8611
1703
11319
5586
19724
7328
16602
22792
1253
10173
12143
5272
2643
633
9659
1778
5438
22555
4064
1445
1670
9814
3490
223
5622
6612
9591
2724
1600
15028
6452
8818
4407
16984
7084
2366
4476
10580
6940
12731
4094
10511
778
8590
27781
9022
1559
12
12474
7073
18240
15042
5072
12456
14494
1217
7366
21904
16746
24898
281
16669
2749
14148
8758
5371
11692
1433
5178
15191
11579
2829
14867
839
1420
2249
2108
3418
12794
5028
14227
2067
6162
3384
2279
1850
14113
19093
14769
22426
8189
3795
5207
5346
1051
5300
11112
24568
8639
2299
300
1477
9112
21009
13836
7820
7435
1044
21648
1861
998
4426
2523
20135
13752
1655
4177
12758
8529
17722
16663
10284
3850
9837
10716
3748
6497
1145
8567
615
15530
1695
14637
19721
15073
8968
7277
807
191
272
3081
5903
5591
62
7265
2452
1708
1422
10872
13617
2958
9104
696
8072
11776
854
21618
696
17688
6780
11321
5113
4926
5881
1141
2549
16178
2534
8373
12660
8982
10971
21185
13928
3532
20688
25630
1603
476
2337
26906
15033
9061
11540
913
8348
16882
11844
23197
5154
2377
6993
4455
2131
807
13035
6353
6394
1306
230
2218
4142
19905
507
4474
14462
8977
8213
15320
2153
13683
13744
10791
2008
20211
28113
10087
10911
12424
2359
4656
9233
8607
5576
602
1810
1107
5152
5669
1448
3211
6964
8176
1448
8920
2299
11281
2046
4826
6730
3099
368
5248
6363
24570
3410
665
15370
6957
16607
204
18177
2029
5015
8781
22049
8081
11893
3987
1362
3134
2634
9009
9342
2176
694
151
7038
6443
1889
22120
16097
21866
1105
1936
19690
10196
6338
7740
2903
21862
16529
3507
6989
5920
13739
8015
863
19017
15168
3586
3851
2039
727
12524
2051
4711
7915
6984
6972
16128
