-1 3
1 3
-1 7
3 5
3 7
5 7
-1 14
7 9
7 14
7 14
7 14
7 14
12 14
-1 86
14 18
15 18
14 18
14 86
18 20
18 21
18 29
18 29
18 25
18 25
18 29
25 27
18 29
27 29
18 31
29 31
14 51
31 34
31 34
31 41
34 40
34 40
34 40
34 40
38 40
14 41
14 51
41 43
41 46
43 46
41 46
41 47
41 51
47 51
47 51
47 51
14 86
51 53
51 57
51 57
51 57
51 57
51 60
51 60
58 60
51 86
60 86
61 65
61 65
61 65
60 86
65 86
66 68
65 86
68 70
68 73
70 73
70 73
51 86
73 79
73 79
73 79
73 79
73 79
51 86
79 84
80 82
79 84
82 84
-1 86
84 86
-1 -1
86 100
86 100
88 93
88 92
86 92
86 93
86 100
93 95
86 100
95 100
95 100
95 100
95 100
86 -1
