1985
10501
8879
15723
6145
1611
1499
16710
726
11384
3155
4397
22448
26589
1038
16599
4603
24942
8559
2255
27513
489
4087
16333
4713
8444
1380
22162
29187
16997
1595
266
13395
14302
1380
11555
14255
8587
2935
1835
8577
15294
4375
1649
8352
11396
14913
4543
8022
1180
1901
5617
21016
9545
8416
11355
7690
27714
11403
5994
876
9320
2935
10962
6176
21632
14782
10092
4659
20045
11452
1035
8411
4332
12113
20657
24143
18877
20811
15481
1649
25314
9611
19724
2944
8637
7720
3956
3934
8100
1061
19351
6451
5523
20221
894
19126
4140
2174
172
8950
4042
7659
5294
8637
9870
14375
12065
16383
13072
8300
921
89
25441
2171
12988
2924
12419
2255
12948
492
9565
7467
4450
667
4450
438
1990
16863
12692
21764
17690
3767
18984
21315
5834
1792
1999
18995
11534
13552
7299
3863
1439
16820
7966
20905
372
9743
6774
14162
1146
406
1608
5205
3641
20195
4696
15400
124
1247
14116
5613
8944
11845
3011
261
1946
1069
2482
2429
18626
2612
1214
27804
8003
1133
14302
23005
4442
10497
10625
945
25233
8799
4310
6931
2763
9981
3552
17152
7871
11614
12315
5252
2163
9430
1741
2619
1010
8207
1199
17296
5718
21905
2664
5595
5166
3418
9222
1995
6154
1319
4829
669
151
308
2834
11678
15080
3351
24850
20582
20088
14819
5817
11002
9186
4781
20893
21448
9123
6430
11087
2171
19502
8131
2116
3859
4166
11823
5337
3391
2704
9190
6345
18774
18512
5208
168
2108
112
16241
17910
25112
2830
20433
9537
19214
21119
7507
8873
7595
10930
7966
9919
14055
16363
14900
24907
7301
407
1858
1639
10740
716
19742
15748
1858
8785
25721
7125
10029
6453
1566
3135
2982
10159
1304
18449
4096
78
5418
3357
16466
1228
877
1801
10901
5260
21543
13083
17009
8533
6926
2431
7757
1015
959
4069
578
11220
3845
18138
16287
17378
7868
22054
870
25591
27450
16389
6378
17508
5771
11980
6325
1466
3658
1488
1628
19673
23767
2473
15748
2129
518
12241
6691
13242
1285
11367
9072
16927
1808
3090
803
11795
2812
188
8171
11452
22933
18107
13684
2505
7631
2632
23786
900
18419
257
29021
18152
905
3067
578
1138
2605
8140
1563
2424
2338
4164
1776
625
2064
13673
14432
26514
13926
2212
15281
14237
16792
1823
3192
10386
7599
9585
4561
2735
889
6262
971
14208
14203
17315
12678
7269
26414
139
3708
7383
13167
5165
4037
9467
2702
126
4815
4641
14042
16408
1212
9780
22402
8993
42
7728
1846
109
17301
12030
10413
2981
14017
22906
10224
13774
3845
433
10562
19695
8977
6609
4576
4621
2413
13692
9859
2203
13689
11406
14800
20221
12639
9060
80
89
14450
367
5437
18746
13007
6464
6163
25800
3052
11900
2810
16482
990
9959
15233
16044
24901
181
7653
7908
22101
3857
12529
4684
10610
9895
8188
1936
9692
13522
1177
1330
10674
16997
17858
243
3664
8118
15393
17057
6176
18680
13527
11943
2838
2255
412
22883
779
2628
900
7641
13031
10232
1027
1237
15769
520
1128
867
1653
15853
10035
1008
20607
9304
3767
8140
1061
19890
18185
12792
911
17934
1944
18393
24092
13236
5077
6843
4810
24470
6049
13454
1323
13939
9742
3204
739
7276
5869
15846
10065
995
11409
424
11385
11858
3934
2538
22300
3070
18114
1364
15876
1891
5008
16523
4215
154
19054
1118
2057
11651
6490
9665
5518
12481
928
10049
5405
7700
2103
13769
16080
9486
14958
6182
17934
9154
9972
1214
2510
1436
12040
2596
445
25259
23410
472
11974
12633
15775
23527
3853
7481
19655
1319
2463
299
139
16696
4345
5799
7606
5514
16577
5090
2312
17518
10889
23989
10973
928
12481
1608
27
702
1444
1723
669
3473
14633
11618
942
4509
5134
1997
515
1656
849
471
1918
10145
429
11115
8771
28523
16488
1975
4258
3833
1523
21624
22511
3402
16785
1944
4624
5870
984
8801
4324
17457
12872
2519
1454
215
4427
18171
15116
4624
2694
1311
5096
6473
22054
1212
13907
5544
4355
19990
2420
3886
1057
3673
3034
19
19175
11052
12271
10292
708
14594
1024
22380
7983
327
13673
24226
2327
1443
13928
3690
13314
19770
5621
22376
7027
2380
6643
6792
5646
20693
3845
14950
6461
16949
5312
547
532
12171
247
10504
1671
2267
3122
15783
8526
10032
3475
13061
4509
2824
23639
4289
1428
2319
6695
25408
10644
14647
24775
20550
12819
7473
1678
13593
3960
25935
1411
1653
5096
14489
14704
4150
2543
4148
6584
28332
11007
554
1739
6268
76
14712
14031
1138
19337
11052
1428
2275
1862
12192
8465
18722
15542
13730
3553
19804
11230
7
876
15853
969
9756
581
16129
8944
1496
8043
2223
1038
3523
14266
2014
3675
6281
1834
1926
7365
8446
19783
10528
6108
20912
9486
3916
2418
5544
2300
12692
4322
3648
3924
14835
27509
7361
862
13982
2192
2338
17863
19058
2857
7073
1291
3110
13880
2679
1482
13006
7353
6886
3562
3448
6110
7625
2514
3387
17428
24285
10531
492
4310
14883
2956
334
2022
1076
792
426
3
8603
1228
7930
9499
4609
6084
2400
411
2441
5908
8183
24290
11306
2040
1545
837
2766
2556
15606
19183
8569
326
14155
2054
1858
10162
12043
2468
15726
2965
1399
25499
47
1438
5050
17697
5924
16188
15873
1966
11568
4908
2116
2239
304
25854
18159
22004
818
13769
928
18486
25267
12023
9301
23497
2749
7018
436
5839
9759
175
822
766
14302
1561
20604
4438
4427
7774
16778
27807
12281
1739
11035
10138
6675
8745
1341
17173
7336
13948
4873
2300
10912
6839
11723
644
2269
15828
24324
4219
12470
5623
9176
525
54
26846
19646
7481
7788
10464
4641
5368
13345
4045
7830
8118
7003
9742
2754
25728
9959
18154
7650
2460
5974
4038
10253
2304
2476
18094
21445
5572
6770
14923
2090
2214
3845
24945
9646
2603
5383
8344
7762
463
3815
763
8799
24380
12195
6137
8751
11785
12600
739
6913
9502
6948
11499
9304
16867
6377
11779
663
8691
24726
