3803
17381
8539
23556
10296
18269
19474
6973
1687
10785
17193
25038
6492
3611
1827
14432
9839
6819
979
3581
12996
11577
22733
3715
19892
6197
22252
866
22071
15048
583
383
11554
6694
13983
90
1007
10984
6082
15932
31297
7823
1128
10701
18131
26
1787
14158
3361
10568
12264
5570
2919
8781
4936
10886
21868
21909
20437
9771
24002
540
28
19006
1297
8162
11503
19993
10948
7336
7497
22623
11416
3367
17598
4972
1892
12067
25474
4269
8340
1414
1456
9181
17089
2009
8005
14905
909
1972
2938
11908
988
15159
20144
24033
6798
25059
443
11215
91
10347
18915
4877
4084
7648
1254
19026
2216
26596
4157
20591
12970
195
16995
18590
24483
11654
2685
803
10933
6870
5359
8274
754
12455
10959
73
13267
22446
4157
10834
16089
14277
13636
1391
24888
3611
30210
8532
9182
24469
9064
16179
11215
4143
4400
18584
22217
14947
1225
15685
15017
10628
17057
11495
24728
6599
16862
3877
13261
1995
18408
12439
3464
9785
3423
11267
6819
6584
11301
10316
21725
28451
22565
7261
21006
17850
6369
6431
17572
1847
15071
10559
19483
10767
12402
7363
5510
5225
8479
4539
7853
719
27279
22360
11894
12981
16061
883
16256
391
3954
16673
2950
26145
5662
13874
627
7323
1333
25950
8244
26100
14496
9686
1645
5316
1997
30856
5405
19656
13776
20298
13970
1737
4407
13595
308
1645
2821
17173
6725
23014
24008
9808
9373
1288
18648
6782
9517
4638
28097
18932
13892
10732
7336
2892
1840
20891
14675
12660
11643
3912
8720
20240
26393
4234
1538
26937
5913
10100
5900
5229
7508
6993
12174
7132
609
16408
20618
18317
11905
3277
16939
23351
139
12057
16774
9871
24649
12060
7463
2925
6458
4587
9350
22334
29066
1134
14747
2945
27995
6050
1335
4684
23021
3825
2607
18965
18199
7183
3787
3285
16303
10480
6663
3072
10709
20249
10027
12749
15166
8731
387
17848
21293
842
10745
23758
5249
11905
14291
3076
5694
12293
7109
8467
2758
2987
4800
4159
21755
7091
23531
11595
14839
17093
6634
11316
3858
13645
8006
6637
1012
9683
23660
7109
7571
17751
6507
23565
11881
5419
14952
17851
13208
17371
24823
16847
1216
19542
28305
3484
471
25793
11071
13665
16026
28952
4680
6674
263
12861
1664
4891
11514
5648
16852
6207
3446
1582
11825
13662
9797
28835
21164
2430
1671
23688
6922
16698
11738
10728
21213
8551
5458
6900
4871
8556
11990
8321
3738
1694
5948
4276
14685
15435
14403
3196
93
5885
13353
5857
2620
10386
13931
19491
1444
22301
19028
18788
4291
16668
9402
3648
13545
39
19523
10861
8838
6912
11247
6893
17903
2342
19194
26980
8831
6313
8884
9707
4922
6226
12655
505
19804
1621
11055
20059
19148
3038
8450
24797
5588
19735
17350
14215
18932
18766
14854
24537
17652
16437
4618
2049
22403
2146
3456
869
336
16048
19487
7965
12861
12749
19852
2743
10996
27816
21991
28752
3405
14082
2458
1836
1307
5300
2109
14001
1852
813
21239
5900
31133
12566
4524
10358
12460
21305
4078
4739
7290
4826
7883
3387
1311
9130
18333
2607
16166
815
14486
3961
17980
10178
20639
17565
8055
15845
16346
6137
8706
502
10038
3074
4994
7373
10606
10429
7845
13171
21422
2417
22939
3536
1200
4512
23704
10123
15357
15926
26710
8373
21635
23466
7313
24425
15067
4461
12672
2158
6812
10148
3977
2116
24441
29735
4971
2113
31185
29613
9898
10525
2544
21841
8868
8294
17120
1406
25461
18775
16593
14020
6309
490
27072
2540
10136
22314
2489
8305
27508
2983
21187
8513
1290
17760
303
17043
5694
6159
20402
29835
3583
2524
7158
24850
6357
18395
12010
15461
9456
17588
1465
2077
8625
14491
25268
24760
6629
15611
3957
17642
1908
22088
10145
17180
12803
4464
17041
11241
14742
7586
27141
22166
15988
17905
13050
7863
8513
19744
19753
24989
2575
9244
17394
1664
530
2181
16633
14744
5360
5134
1729
4631
18849
24866
1099
10091
7434
3466
7152
4951
12148
2483
22227
1293
20371
3484
14403
2932
27322
21151
9039
3717
8424
1311
11492
17964
3798
14567
11991
4298
727
2140
7843
4833
14579
14403
63
20969
27145
8370
1916
22519
7305
6411
24660
5654
463
6012
287
4395
6252
308
25248
3083
23954
2221
20825
5846
11044
20738
5775
1575
471
22645
15017
6178
7080
17931
2718
6764
3271
827
4988
10908
16530
11191
603
12216
2229
16558
15010
20719
17851
3803
15534
10693
24069
214
11433
435
3493
6163
8795
19684
3241
17301
25614
20029
19283
13789
7
413
4159
14347
11554
13151
21491
2817
9399
13900
8187
4500
5408
1647
1342
4587
8643
7552
858
16096
13068
5990
3412
5470
15487
3951
25091
7775
8695
7892
387
12251
2866
11505
5110
5155
2013
18164
18041
14365
16816
1554
22581
9495
5370
19913
8131
12064
15079
4986
8902
22413
10925
9910
11409
4129
3899
20923
21501
12290
12333
6216
583
186
12335
26790
5229
22903
13989
5924
5338
16469
12936
4471
1758
14957
11343
2015
583
14656
5262
6130
20886
2849
9894
7313
19491
3996
1232
10307
17899
8825
13570
16420
25949
3139
1169
16636
14974
18064
16476
600
21801
17202
12398
12849
9636
15572
8479
2853
11206
9132
1139
8559
25856
23001
1406
3379
32457
16372
2611
9883
4009
4485
697
9251
22677
4490
667
566
8342
1783
8868
15716
6322
2354
1204
1802
21243
7318
30077
18857
18682
7913
17666
10984
8720
1015
6986
3180
15042
25077
16767
2313
281
5809
11151
15062
16650
2256
25742
14474
22217
26045
2770
2095
17379
319
9203
5654
3323
2534
14808
14439
10022
68
17586
12190
9284
2492
26988
18788
13904
4640
6723
19394
4928
10301
450
686
14397
4477
9382
5172
5901
9277
15599
1682
3168
13210
1069
30339
11854
21985
24502
14140
21383
8189
9654
4089
3961
4707
13783
5316
14974
3516
17540
11021
4018
12393
1431
1465
21681
11626
5126
29916
1769
15937
15511
15965
1588
8083
17448
5055
9933
3663
10127
3588
5155
5717
5932
13501
2529
1538
20007
12739
1314
20881
4159
7307
9614
14026
16203
8959
2876
3340
20160
7394
25007
3643
13085
355
17622
10296
24150
18834
10361
8189
6922
4213
3053
15237
1766
4483
21283
869
12734
9127
1257
1437
7314
21112
22876
19359
2845
10396
2332
23259
8284
23097
5538
4793
9299
29427
1568
6528
25519
3372
368
847
29637
26900
11871
2688
750
21128
8959
7158
19921
11695
7489
17813
26722
3803
27495
16174
5415
11314
15252
23268
8081
20983
6374
27642
12915
17477
3663
10509
16835
10834
15010
3866
9214
2611
13633
13187
11349
22901
18282
3577
10697
13485
11457
6243
24107
11442
4226
8619
6174
6266
1886
21872
8238
4505
522
5072
11577
11935
4616
8135
2266
1013
145
12970
24054
5749
5725
21868
1162
24021
7330
11046
22997
21659
4770
10976
530
10117
7768
11679
15822
1198
13126
8643
7283
2458
22271
23727
22725
6448
10538
4530
411
8643
16290
7480
5102
25638
11846
16220
14187
15409
3300
19747
5937
15653
9096
2306
7851
9505
9231
4452
12523
6286
319
10386
11201
8698
19
10754
8441
2904
26305
10634
7905
25088
7221
15881
7167
12327
15355
13815
1439
28617
2671
11671
23328
18495
15542
6889
291
11019
20905
17774
8906
6347
5318
1275
3832
23952
4853
6914
3827
13885
14600
5965
10202
3421
9724
7765
6891
21599
3689
12409
12765
1082
6025
16426
1526
27546
29283
2187
26645
5566
4084
1603
10520
10406
15479
6645
24571
18724
15324
2710
3093
8997
7031
14719
23680
11961
9165
8040
11935
20247
4955
21787
7310
941
17002
7499
7094
6880
4464
6431
11077
8070
18949
18256
3654
12110
8372
5612
12045
11267
16629
1465
22249
2804
1357
2240
7916
3006
6474
25724
81
19114
28945
20021
9880
5588
10879
1086
5253
10471
7779
817
10534
3648
11332
6351
3089
2677
13483
5677
20576
8145
1680
14177
18608
3884
13768
16620
12062
17448
8600
10318
1143
4222
3530
8176
16778
12773
13777
22075
19297
24234
17093
51
13513
3304
2465
19204
4669
19755
19259
14130
21056
11492
7404
16333
17202
5752
3625
13480
5595
15934
12364
11510
426
5352
4039
21141
7850
118
9347
11411
9501
24225
396
9523
3167
16869
12098
28206
13065
8215
21041
19201
1773
2051
14660
11551
6910
5400
8113
9582
292
4830
11345
8884
6812
2851
23878
7520
5379
6474
19414
11383
699
19670
14181
2602
4735
5058
8511
18016
16561
22132
9094
24199
12314
14902
14768
1153
9786
16203
5020
16489
7336
10614
8153
5051
11316
6740
7305
30612
9317
7303
16642
13096
2390
14062
23187
13914
24011
15553
28687
1064
19835
903
2631
11577
3490
25530
6384
23126
18214
20722
4512
25893
18338
12560
10210
2957
10431
20133
13264
6257
6239
5553
21354
16365
11760
24616
8532
26864
14228
11935
2548
16849
11172
21815
2022
27169
16941
11770
1732
2613
8192
10094
8831
6022
1363
15965
3660
19691
1716
22865
18775
2316
8151
26823
10745
4608
5019
19401
490
6236
11993
4643
12250
20126
9514
984
3819
14481
10242
5366
11165
15949
4874
3549
84
24081
19309
4284
1112
2288
3446
5983
17252
19232
3196
19359
2114
1493
15508
9225
12944
27255
8929
5383
452
14790
25874
18766
3004
28617
9185
5195
18201
7817
17026
2641
349
11417
8667
22257
9034
10342
5710
1923
18483
2932
217
4697
2410
2140
11675
11503
10633
78
6195
118
14153
4941
9432
7135
2306
9993
10271
20627
1845
3418
4266
7717
15321
11885
21808
12370
4186
14818
7236
16166
15879
96
4126
12689
688
24732
8563
11804
7447
15701
4610
13834
11947
5166
4388
27084
3805
4017
3018
7562
8321
21745
8131
15779
1545
4073
9207
807
7385
3637
14033
2817
19230
25569
13185
19758
2387
16499
8667
4918
889
858
2991
15663
1575
2049
1474
1219
17878
10745
5338
24116
398
4735
2947
9529
11082
901
2904
15789
14051
9659
21785
17631
13373
768
1131
10633
23551
5329
48
10837
4845
5840
10518
4646
7167
1840
2919
3010
10585
1023
15764
29011
10038
12142
11314
12214
12138
9517
12052
31541
17216
88
8296
22561
1043
13819
3054
13030
21430
1036
18903
3552
16819
448
9704
22384
3695
18827
8746
9079
22645
5471
4631
19777
8542
17108
8917
18331
22832
13328
7729
6861
13144
14624
505
18237
11720
5397
29534
5509
500
944
5060
4387
17934
13610
5141
15839
9894
20646
7244
7970
17705
6207
5881
1396
838
12288
2216
6338
9691
2216
25244
13799
1388
211
8970
20689
9495
2045
27640
4899
4753
2022
29967
1254
4588
10534
9259
12695
684
23017
3085
4608
1783
765
16280
22810
22064
22324
14064
24559
12087
9679
4327
10676
18550
29321
27872
14624
6190
18991
17882
6330
12443
10254
2433
311
2505
14762
9217
15836
13730
16459
17327
10655
19541
3703
10826
116
27141
19673
18151
96
23785
5058
663
4719
2178
4512
2233
1126
24615
12996
5546
6474
6715
17924
13701
870
13074
2746
11533
11758
4938
10602
19401
7163
334
13040
6843
14261
11525
5284
4563
5270
454
6850
12970
19548
24588
198
17744
20097
16147
28572
17890
4120
10014
14888
12999
8162
11321
10375
3530
3340
23174
2839
5006
13904
798
10403
2205
31705
9129
11109
12529
6670
16011
315
16103
22340
16008
709
3190
5344
6973
5162
4868
14432
5555
14432
7478
10976
18997
6601
11053
9846
3221
28452
4172
18047
25159
3160
18714
12364
14727
17390
25824
6603
15221
10452
11290
19982
8259
16218
4955
8851
16120
15224
1074
3429
1511
1476
7526
9039
17220
20355
12418
1391
4034
2264
6407
19494
7190
10435
11380
5300
8074
10325
4291
27249
10854
16388
24490
15308
6522
12527
9515
9278
20355
26160
8360
4097
11770
8331
15910
1451
3493
13098
1974
4573
9248
20959
20138
7526
21383
3990
14616
24554
6490
4808
1775
7779
10431
5708
8851
4194
2530
4151
1485
23852
8308
8186
13132
27303
3539
7925
438
23340
23870
11518
20260
256
6912
3297
17563
4291
2542
19203
70
22541
11541
22301
4286
16317
10655
5710
24277
19618
2906
12314
23818
20392
8611
3930
8507
724
17143
8670
10834
10000
12131
25919
13954
22579
11077
16473
8832
23347
5419
3064
21311
5519
15250
16683
12084
14316
10984
8414
6611
31083
16513
6639
19673
13562
13797
23895
11276
469
25830
1979
8945
11416
12949
17448
15089
11897
25824
10429
2233
14391
19114
10676
17220
17339
22204
10963
297
6014
1804
15932
16679
2111
1573
8235
17858
96
14567
17441
14311
1198
22245
3325
8394
27695
23468
29195
4939
25039
19038
4157
7639
17509
7975
14407
8592
633
5404
1003
2363
3478
7709
13989
3196
17590
6790
31133
17390
3319
4335
13867
19701
4573
4653
16918
22792
12695
16391
16838
10275
27064
3374
24175
12128
7142
14439
6279
24384
2655
8675
17193
15439
24641
14099
2205
6769
20639
19792
2419
14739
8124
25656
12672
5386
13860
18852
5215
11364
3135
21953
7051
9037
4274
11537
9113
18120
25932
10123
5376
11786
1804
14734
16749
7180
2641
3472
6562
8426
2106
12623
6411
13581
1931
2140
4508
11915
17931
9930
20485
28684
1061
18537
6728
18071
2781
1513
258
658
17903
6003
19673
16053
7305
8877
1613
21557
6005
3866
4329
23452
1990
24197
15724
10580
27585
11019
7318
19124
6127
20429
3830
26183
23206
13633
9152
15164
5633
10111
5065
11260
8441
13355
7135
682
10660
231
21512
8332
17847
1817
3030
15308
8355
7249
13433
27188
4955
42
7224
15226
9998
6641
13195
4432
730
11062
1965
11126
4933
8891
8017
13581
20341
1090
3724
2860
9925
19497
20153
23253
11100
14062
7318
21407
4017
8217
24273
12818
1668
16131
1986
4101
11947
6769
24550
12465
12879
19798
19625
393
22958
25509
7506
11450
22620
4913
16578
8675
19026
5945
5300
5128
5288
28709
7631
8077
4240
10267
17896
1391
2913
30812
5749
13647
10757
9873
783
9165
17029
4810
2563
2291
15380
12455
11908
6231
3629
4719
2497
3117
28442
4173
12502
10534
13791
21570
11267
16600
5621
12952
6400
21344
15462
14309
7717
22467
19007
9823
6152
9670
6279
4921
14792
18483
3983
2950
4778
4864
15990
24389
201
11373
10575
9859
7799
3384
831
1162
6988
6333
6378
11454
11905
1382
343
13210
14931
15162
10477
25856
853
14985
20792
26864
2327
19789
8489
18088
24455
13344
20073
7745
30840
4022
15682
10406
7230
22901
8675
23177
9744
16964
6611
2053
51
13915
6371
16896
29510
11013
21812
9508
21614
16397
8169
3291
2205
3374
4512
5041
9564
10448
843
3148
5614
5512
14804
6637
2812
7683
3047
26491
11563
2424
10232
3957
13002
1501
4215
5827
5155
883
7851
8741
14937
26242
7241
8802
4381
11842
9346
21808
13410
6755
14862
15400
8846
9093
2928
11302
15464
15142
4138
4252
6111
22241
4817
4703
3683
5685
16977
16274
3805
96
13448
14641
3861
10025
13233
17816
6230
7839
4136
2327
7392
12054
15067
1668
11520
28368
10861
4995
1689
13817
18269
23862
3434
13509
7158
20230
573
10573
26339
11900
26354
5497
648
2374
16753
21235
14959
23229
5638
23700
115
541
11654
23688
17929
13351
8192
2208
13892
20895
10563
12476
331
10365
7046
20216
4808
9474
15459
7025
6718
25353
13032
2529
8966
14777
16890
4171
9880
10091
4461
7041
10406
490
4697
2826
2556
5833
10143
16956
2616
14024
3058
3501
23319
2240
12523
2795
24180
11908
8095
3708
11138
12045
19643
6082
4418
8139
24230
14652
101
1834
2853
7368
3583
11716
15753
3685
20787
3968
18865
11492
16776
5036
20199
13599
6754
21549
23836
22450
13934
3547
1995
12683
14631
8135
8552
13183
2167
2216
527
9786
19221
7256
2518
9737
5229
10301
17002
27511
6186
19340
6184
6612
14197
25961
21088
7613
8716
8464
8461
7051
19034
6257
5458
28121
381
633
18740
10534
1003
8648
23216
8158
17158
5761
17331
14468
14376
548
7665
16415
13822
4362
952
6649
1855
2866
13982
2077
1895
1238
22930
14106
20311
19462
18508
25407
93
149
7261
10438
16090
10291
8860
1578
35
3678
14658
5496
7114
17878
15842
9064
490
681
15689
29681
3108
16982
8352
17484
7821
22579
18542
5573
15283
5446
3227
5952
622
4794
13092
744
7084
5246
16378
201
12547
20776
18934
15912
2197
2836
5664
1112
9116
6202
4855
13714
9356
12769
25195
3563
22660
12016
21732
22730
17576
13578
4032
4838
11760
6861
1939
21237
2354
22746
10177
20982
14912
20054
9946
26579
24784
240
4936
25347
1499
9760
10401
6426
22826
3745
8422
18231
3293
24609
9781
17043
599
139
12305
21679
6078
1827
11193
16712
22521
2693
2181
31694
20395
26906
4719
898
15557
19728
15395
27919
13322
6557
13961
6344
10751
831
20725
4724
16778
16901
4891
16869
6839
26605
1418
27531
3874
11543
12231
227
1649
16530
4984
16638
1012
4535
152
10503
3590
13022
8047
13496
16751
8174
13549
7571
5076
5322
16424
9058
9794
27358
17897
2165
10152
15498
622
7388
18266
4030
19197
27652
2634
11958
2153
9052
3343
4185
18331
677
9274
6043
4604
3137
331
3176
20492
5532
1100
18580
3654
10169
2357
12519
20869
10595
12788
6127
11175
24648
13221
1338
27643
7406
1621
21877
26564
25925
1719
18775
1716
9534
11314
8325
8056
1513
1750
23064
406
18241
16367
21469
7913
15062
1208
10854
27870
5354
1451
219
12663
13225
1284
21659
5553
14193
5284
9333
11100
2301
7084
12535
8680
11915
13174
13027
6570
15604
9564
7330
11369
29599
7158
8210
4691
24511
11770
11671
8995
2904
19985
3267
1050
5006
13689
3379
4114
14971
8559
21202
186
20678
519
367
9391
3154
2313
3787
1792
13970
28687
16026
14437
27701
9370
1513
588
787
16959
20667
7078
1023
23652
25359
9850
667
7937
19479
12395
6355
22782
13776
18096
16094
2342
17839
5137
16340
19845
18402
9270
12944
14907
2522
2792
9242
7792
22317
16572
157
9417
27099
18426
9118
10717
18055
4322
8040
11935
5621
15403
16399
10125
1885
21021
5510
4075
6900
14688
2641
2770
6039
3594
28354
5913
14194
11541
11970
11467
9362
16299
17945
22935
4062
17676
1553
21446
12511
15861
23235
8208
25560
13486
16103
5804
9313
4921
6456
4199
21991
31964
8256
16061
914
18052
5813
23021
958
9608
22980
1236
14993
171
27847
8617
6210
10291
21567
8027
14132
2901
2352
12908
21684
13027
14780
22765
12025
27686
17795
19039
11662
1735
1406
19033
13265
17558
10858
5549
860
2950
5141
14974
7485
1452
12767
17025
6606
3643
13123
12082
6086
883
2125
1193
8732
6492
12822
6083
14573
15172
8648
14448
11862
6073
16415
18426
3329
28593
4590
7792
4800
11711
24773
6665
11687
15194
699
600
20289
2365
6014
2187
6678
20338
919
25570
9233
11834
16955
7655
1451
20873
15850
18030
2799
16852
19589
6213
21881
9379
1553
1697
3633
15638
7258
12216
16790
7363
25727
11926
8331
26448
1241
15525
8346
746
6662
5204
128
4037
17509
22063
11866
4120
19361
18045
4120
7571
17100
4885
3881
21171
20368
8643
3643
15119
15345
7380
8131
10316
813
5532
4697
709
11420
16236
1371
1229
11003
6721
8244
9339
9921
979
9474
27898
1066
2254
13332
13239
15850
11129
674
10288
2609
796
16406
8913
23397
28029
924
1773
9295
20110
2494
11679
5627
28948
15044
108
15857
14820
21337
22295
393
8001
10736
26474
8390
16924
11556
18942
16
7987
11136
21863
12209
27696
4362
8750
3186
17029
7007
11516
21501
16561
16903
26200
21766
7676
18129
4874
13677
17504
211
6864
1786
5689
2221
16043
3302
2338
24570
15739
11178
14306
18592
18437
12304
3683
11861
413
108
22713
21839
17966
23842
5600
5627
8991
24903
4167
23872
1955
16744
3441
10559
9082
3669
20308
8458
17156
11055
12001
12981
13599
229
11931
7545
4853
16549
11503
1333
16781
12382
9891
9517
11861
9034
249
11141
733
9322
22272
1843
10184
18663
6169
23009
12
5851
6779
1264
16542
7639
2299
30026
6431
13799
10666
20223
461
6124
1927
17133
2193
7152
11326
10417
23409
11697
9071
5522
2518
15400
12810
3062
2045
13195
6036
24571
4773
17356
9612
16037
1904
1830
24795
5638
20421
20388
7586
3575
9477
8042
10406
21690
7830
1611
9012
24223
26019
7298
1483
208
1094
11309
14898
3333
6284
12140
11961
16612
20969
24676
939
8294
12060
24730
2758
8465
163
3930
22698
9158
19422
18483
7467
5858
19109
12661
14288
16248
16712
6840
7252
898
9155
25994
1834
28899
2479
851
500
24979
13468
11450
14347
3181
2277
2019
6907
23578
21370
64
22264
5892
1431
12498
6043
27030
4063
15847
4662
2627
3481
321
6982
24881
28813
10846
11223
15567
15308
10327
4992
311
901
20071
12012
7875
2725
8559
256
6065
11786
4887
3249
3311
8559
9876
17317
1830
476
12875
195
7286
5739
20798
15577
18504
13028
13768
528
13834
3764
20166
21273
6145
1859
176
5262
5538
2363
9850
66
18151
6713
9990
9203
13806
11944
12981
1418
11725
30457
28314
573
115
1650
3346
15782
14027
20567
27898
11563
13805
2573
7569
6528
4138
5739
18547
15748
10849
11262
14359
15312
6746
91
9804
123
343
1629
3503
390
2759
26675
17103
21549
4120
3893
21133
21776
16105
5354
29455
1212
1388
6414
2206
24547
20400
19176
12180
7447
134
9426
12731
9654
3560
2221
15145
25627
9627
6715
2983
3297
2906
7980
10539
12174
5500
22214
30303
39
2291
13206
12900
6195
9744
219
10332
11309
15519
5958
20700
19220
13768
13046
18938
4712
11085
17018
20447
15691
10347
22293
31213
5677
17924
11050
16120
15114
17886
17576
17745
22758
6438
14533
4828
14712
2308
10941
6274
1867
8421
7491
2106
9431
2772
21929
3780
20026
10436
5603
3754
204
6782
779
13496
8171
3449
2292
21853
4578
3387
5189
17049
5008
27835
17056
26474
3506
13192
1783
20439
18397
7812
24488
3877
6862
4360
4288
26587
24942
28783
7555
25036
22840
5642
11048
744
15712
15059
10821
10527
3927
15517
11366
6802
9313
16633
13192
17329
10595
7298
11509
18543
19939
7272
1802
253
9873
3409
5570
23364
10066
20472
8347
18437
9730
19054
8419
22424
16841
14978
17411
12003
6233
11641
11596
11641
10257
4891
1082
13120
4947
13364
22377
11145
12828
14613
13996
3838
1288
5952
27293
10108
29942
1029
9836
2113
8988
4811
13785
875
7046
5060
17818
16753
11030
7764
28603
29586
5055
1848
11132
2354
3934
21727
27676
13328
18699
19002
22600
10855
1596
30948
24347
20483
14201
23650
22085
15296
17409
26412
12281
3999
3190
9394
5866
19088
16352
1132
10858
3861
7084
18527
777
27519
21030
5078
4383
5699
12045
23828
2708
1148
25725
962
7520
5910
2976
7863
5945
1727
6961
18542
10197
8414
2808
10264
12353
3842
14728
1852
3093
2972
6725
8552
17908
15204
1311
15038
8139
12388
5988
16101
891
3708
7639
5987
8866
11476
4804
22819
20658
14678
12547
11386
21895
11825
6645
12448
12052
12888
3506
10826
3484
3951
19804
2116
14947
6693
17544
14140
24386
7232
30031
8263
30865
12069
12253
1391
11800
13385
5123
10879
10725
15812
1340
2501
15616
4877
15315
1167
6360
9358
8422
19121
1843
22743
2223
11782
6916
14177
10972
7363
16778
18810
7611
2109
11047
12080
16910
16220
27572
22736
15847
1330
2697
15947
10312
12949
14511
20946
1090
10781
7850
24122
3363
1705
20071
16517
11170
14799
15495
14793
6577
3478
6833
16596
7906
672
22392
15616
16961
3654
7092
20997
19048
4448
6257
9511
22117
5447
17029
13156
20496
3041
2671
858
4335
23672
15921
11482
18110
4060
5785
4010
10222
26710
14118
4222
4362
9395
12487
11935
23732
6861
13998
7703
303
4750
20794
7323
2076
10600
17474
18160
25109
254
9168
4219
15643
8115
3647
135
3654
3731
6711
688
13213
18430
10354
5288
17862
22569
11516
2802
19516
2291
2582
16726
9270
11611
7392
3815
1236
5176
1916
15840
27059
802
25650
6039
7658
6893
426
20903
30322
4623
5987
7888
6400
5958
3741
13975
111
26169
18011
32433
14417
14947
7318
7512
26559
13113
3488
9801
15779
15094
22876
19278
19242
10236
13877
8282
6438
10232
6690
14714
13193
14321
5723
11414
7354
13810
2699
8070
1023
19581
1553
15126
17432
4185
4819
10728
11050
6252
28977
19715
20848
17121
19194
3036
10939
2367
27538
19821
13166
2153
402
4413
4955
3830
24416
14036
8658
8301
7127
14521
13302
7697
10902
12648
530
5145
1709
7293
12731
6446
443
11603
8124
2638
245
20936
27812
7138
8464
24364
13978
13513
12704
11320
2229
8166
5946
1992
15814
20496
17143
11118
29570
6858
9195
4835
30605
18402
979
7602
21030
3223
20319
12667
381
10595
9549
1213
2725
8479
11282
19211
24019
11237
12072
13723
13001
7290
9922
10676
9322
11725
11185
13353
8887
8294
19042
15490
10499
1525
974
18800
12261
12598
19531
956
5139
463
2982
26383
21929
7170
25567
8426
17441
19173
3297
21570
19973
12405
2368
20883
29063
2173
12759
606
11866
7224
3724
7258
31236
24210
20475
9227
14532
367
24760
3667
5051
12761
4590
14922
11003
7455
2631
7091
17835
6926
328
2245
875
6422
733
18802
713
5036
24026
28624
179
31420
999
20639
8066
21322
4298
20441
10177
25032
1549
18212
31922
6078
7158
19507
5645
15627
18998
10381
2605
11351
9698
1800
1852
1398
1027
6322
21367
7593
292
23488
20098
5329
3192
3064
11649
15403
1664
7899
10845
24424
4450
13701
2876
4404
7566
1740
11825
3812
9634
10483
17652
18404
11459
12818
19892
7497
19288
19016
433
32058
9947
10607
5267
18120
14011
30171
20545
9753
9998
3710
4372
24286
16459
26274
15257
15896
2077
804
20289
1391
5091
27898
22910
16656
5705
22155
2836
16888
11514
7224
8903
3418
1596
14684
21849
12184
2268
10370
8811
18962
3160
2544
8756
9137
16301
21815
2752
8897
20800
15648
16714
383
2138
11136
13735
9319
18959
22197
13215
4887
14897
22405
12523
4280
3379
8606
88
2764
6936
7908
17672
10336
13745
184
23892
19979
1076
518
12993
24974
21017
15874
6986
24359
20309
8670
18388
8235
29219
6902
17694
22595
17961
20278
18538
5185
5827
4988
6609
5689
6485
4392
12171
26736
13129
12113
20267
8257
7991
11013
12818
8141
6886
20223
25807
15380
19255
14187
23474
768
25393
13077
3999
1206
2415
24743
6272
14881
4830
17903
26115
7965
8425
15270
18865
67
4500
3838
9270
26644
4063
24317
3754
1048
2697
9084
2038
13373
21612
7531
878
16502
10091
5067
14181
20649
4490
130
3951
11121
12820
5242
4833
12979
1278
6121
6933
4268
669
22778
10948
18410
8565
4691
4240
12792
1380
1636
6522
17958
13701
24448
19278
13431
9492
22833
23145
20344
22189
9974
14834
28025
14202
583
13392
7745
2608
54
670
24795
7303
1675
21638
7236
15418
4149
1411
1977
1935
28387
17869
27465
7241
12601
11873
11038
5142
9606
10882
23110
11231
12822
7863
4030
6782
14488
19534
19827
2240
3787
3495
4450
16999
12415
20618
1198
1013
8695
1525
2497
4787
11606
22091
17272
3787
9251
11376
719
384
1106
24389
12549
12555
16154
8489
1727
779
8361
3618
6184
6381
7652
3954
928
6431
9075
1848
23576
16901
27566
13705
14690
9293
6592
10763
27208
29361
14681
227
9606
24113
7167
11503
6236
18156
20077
23952
18038
1719
13952
12439
11426
4855
6137
14210
5264
2540
24872
12073
11707
5652
2810
13776
7734
17624
3532
11568
9724
14018
11301
24856
16683
2661
559
1787
8774
4808
9732
1212
14830
29342
8553
7239
1304
3869
22257
15508
21557
14532
2379
2546
3902
781
28342
27160
2627
2032
4797
3981
15244
11058
4229
6616
6994
9823
2357
667
7040
13549
5633
13613
24604
6740
5843
3866
3041
22736
5344
22489
9534
17369
16554
3894
13183
3184
10843
5555
23645
7380
16554
19141
13584
2522
24934
19269
13952
4703
13525
4667
139
4650
24147
16747
14092
51
11145
26526
16589
11974
11416
10606
14811
3500
4956
6867
5982
15094
1962
10542
16439
2430
13379
16295
8708
18186
14826
19213
13261
7685
6422
6434
6767
8654
22014
1938
20771
13758
10785
15251
1812
15170
5069
6779
16437
13426
17309
9683
6546
11652
14201
2901
10472
8097
3977
1952
8882
23906
3828
19703
3280
7021
15111
14989
21119
10571
1650
3787
1557
9670
11272
11457
3927
14813
16796
1548
19189
4566
18845
5560
28760
9152
16517
2913
19383
12409
14693
4387
5588
772
3415
1812
10614
14586
4053
22972
11237
396
6245
14011
20470
15228
620
16168
4742
19540
7734
7710
11349
11201
1482
3330
4594
15180
21557
23403
3126
10394
26593
6071
8412
17130
2336
15112
19177
10127
24533
6641
111
3830
9207
8124
6414
14044
7695
1184
23128
18553
30654
3827
3192
16192
9623
20207
1355
6036
9034
14743
12356
17224
6378
17999
254
4071
12844
3930
5321
984
7
6426
9962
22355
26419
3847
5847
11665
7858
298
7661
9313
10458
7082
518
2955
6456
515
20126
13171
684
1680
2286
1473
5897
4069
19573
11492
8680
7913
1112
14404
14942
13881
17615
18097
8788
8648
17320
8434
5404
10935
3316
6772
8445
12190
6043
4073
9947
30284
5680
17450
14839
17855
17634
17387
1427
1323
19841
17242
5386
9015
118
15457
16941
14018
7043
12839
6010
4069
7742
1375
17156
11388
9667
11488
31337
16399
1935
2967
4062
8226
406
9466
12162
12322
4372
11788
27951
4947
5851
4646
11085
7930
16492
20754
22346
3827
308
9503
12944
13725
20406
6189
4530
452
3520
12195
3930
18490
10018
25597
3594
5055
18189
633
3727
14020
1678
13411
5220
6599
21715
15287
7954
1340
22650
14466
5713
7154
3527
23133
8419
17618
31090
24250
10849
23328
16096
18389
26462
813
2964
9698
28810
9576
17590
1250
11058
12142
5801
20624
14557
13017
5804
22355
17893
21534
30641
8029
22699
1664
11514
9627
2475
15671
508
4566
15000
20545
19959
7335
5331
10697
2599
769
16703
12282
30777
5240
11021
10545
22769
5809
11188
17096
12945
15414
16363
9942
10075
6843
17908
2256
23576
2546
536
15119
28309
8650
7879
1970
14444
14144
1131
16299
14354
5672
17093
13265
4674
22910
19523
22617
2985
12857
4139
13874
9998
417
11626
7224
10479
7916
16493
12630
22620
11938
5410
6807
1147
16084
3325
16430
3415
17216
873
20166
22559
1920
14543
6422
24243
15407
6518
20306
9107
3966
165
8748
2579
11374
14743
1250
3805
4590
15189
8638
7942
1212
3919
16533
18673
9579
15539
4609
4102
15644
19391
20194
8360
4415
31558
22377
12003
1451
19073
18706
25111
2404
9718
2277
2631
12882
5400
1713
6468
20855
9570
16093
23307
4971
19573
12218
306
8486
8113
6363
8799
2964
9910
16823
22650
15133
14477
17655
10616
15258
5993
17847
9591
12073
15308
23032
5381
629
738
28001
4627
4808
5490
191
16523
26433
2404
3126
12932
1775
11500
7478
14817
7025
381
2826
12920
234
13027
17405
1184
20971
9863
16683
3058
19351
12608
14755
24949
5395
1775
4956
19507
8472
6952
2725
21991
2032
23897
1990
3405
15053
23817
4059
3289
381
24744
3787
3842
24919
27785
798
2955
21690
5123
14187
22645
31573
9143
3111
19847
8816
5834
24138
18047
8040
12210
16049
10921
2299
17712
2947
11560
3873
11822
16089
8546
5176
11743
20004
21602
7581
10173
14116
17652
524
11551
9078
29537
59
17411
6945
19324
8905
3313
6453
4681
7832
12833
17280
7930
26534
12435
686
4429
3530
24881
16169
1697
6407
12610
28117
8417
2111
26304
6441
6184
18832
4405
4240
134
14907
13326
23229
17631
6006
19534
3497
8837
18097
18404
4662
17813
3160
12886
6276
23386
19816
15029
1039
12038
5000
17711
20477
18113
11776
649
19162
866
20494
2599
12290
8684
5096
13392
12734
5195
7543
4234
3426
13144
20554
7817
873
18903
18055
5917
4548
11807
7197
4590
16589
12584
2913
8838
9390
6978
387
2995
1402
7266
19555
16935
23268
11711
303
5527
26549
12080
9881
16798
24951
5058
331
29491
17957
179
10397
19566
3384
24167
3291
17992
6192
752
23848
12405
20776
13212
6912
4392
6434
108
23844
9090
3745
13797
1304
18437
6199
11690
12311
9786
9079
8321
22204
3400
8726
7705
27506
9317
655
588
7627
2772
11963
6845
5374
2829
5113
25878
8441
7999
1629
3254
5113
22645
27134
7497
11004
17495
15025
4635
6621
11309
8158
3500
19185
23459
6961
16540
21787
19696
13475
7275
1333
6883
1652
7883
12623
8072
17686
17652
11626
10678
14937
11309
11702
10169
19328
13498
19911
23872
10858
5344
25000
15495
10340
11875
622
25062
115
1066
4286
24245
15242
22561
16234
1735
8959
14137
9262
3847
7956
10342
14935
11990
3211
21283
2668
6150
11041
4429
25117
9358
17624
16140
11077
8467
21446
579
10801
18457
1216
16620
11690
15830
5546
2906
8347
647
2213
17588
10220
15921
1411
7025
16641
6746
16583
1986
5516
21340
14101
22169
26614
16890
63
11547
12080
9585
12555
9775
13431
4288
15742
17592
16026
19345
12734
9262
12555
27805
12848
13294
20344
7750
21041
3888
2210
20019
27469
10606
23032
23501
4543
3006
6933
1990
19792
19643
5321
12930
15242
8664
10824
5538
10789
3493
16454
10535
2216
7082
13819
17155
22042
9896
765
24709
21441
4527
3881
18141
24666
25046
15073
3539
5583
16274
18654
2096
2650
2010
15543
13048
22824
3409
406
101
20927
18124
5209
9579
1348
4213
20148
19350
1658
9599
19153
12335
3927
14303
21717
23916
13361
2631
27640
12176
29191
16636
6900
2505
13198
3356
4206
1326
9503
5128
19183
10146
7040
19439
20432
6371
17360
1997
1117
550
11438
13111
1155
4226
6219
8985
6631
11178
9192
3616
1096
3117
12326
8083
22612
1566
8716
13982
10031
2129
27191
17040
18447
28789
15104
3575
18153
10789
672
18164
9134
6391
3487
8080
6262
8384
14463
24992
3511
19017
2363
11905
19217
3927
12949
16537
6782
15190
25397
17598
16664
20985
15013
2099
1132
4918
804
2170
20767
5894
13834
21290
2251
583
1800
26297
15193
22565
23604
16120
22506
4797
7430
2226
18320
22397
13719
1561
11935
275
448
12571
15047
989
15539
8228
7239
18954
14319
3068
12731
13983
26016
24271
10739
18320
15155
3881
3912
10232
7939
15457
1710
21749
3178
4559
11058
6812
4584
5538
20184
13677
12382
10595
9760
15852
1431
1886
4362
14481
27327
6807
11430
10047
18036
6237
7717
10099
1398
10455
750
6889
4309
24440
22850
17947
10736
917
16058
8037
21686
10439
1986
19659
8931
6027
2792
17077
4638
1445
8050
6266
4274
1775
16107
9781
8911
15007
8088
6299
21771
12360
16376
5594
16093
21773
13040
2324
5408
15545
2019
7919
19602
1538
7566
16908
15764
471
13353
21258
10025
3927
22953
12082
7272
21123
9313
227
7529
10736
23945
3456
7478
28033
765
6157
17177
23249
9949
4034
536
12482
9156
10452
15428
4837
14259
22506
16391
11910
13628
16183
15355
4787
20728
2329
8650
19526
10096
11019
22000
15984
18237
1293
4404
17462
402
20811
4120
19446
376
9585
9529
14780
3555
29387
2524
8139
6492
11059
1463
9179
15444
6991
20437
5251
28413
18542
12519
188
10763
12898
15400
5270
3058
12322
9287
27445
13105
8458
10771
883
15032
14768
7524
16959
12464
17116
387
9428
25773
5009
4861
9503
7811
13762
2375
27819
9586
6243
17065
10919
10354
10846
883
20271
6883
719
2479
13314
5630
15448
12900
4309
5527
15371
28991
8248
17865
6295
8060
5708
1658
15079
15932
11507
20323
8381
15772
1357
5016
16489
10463
23918
2799
3520
25485
214
4528
13570
13483
10138
21246
11091
1629
8336
3793
3563
7634
9998
8059
13776
8199
1380
4452
7349
13762
13863
2240
11652
1495
8564
6318
7870
14904
27601
25658
19650
17302
28363
5258
6584
5720
5287
4979
3206
14864
2026
18199
7937
3736
21003
1463
7103
27581
201
1304
15135
2344
3206
730
18040
11729
10392
11551
10525
24442
20756
18639
17377
13555
7759
7616
7406
26717
2155
42
21544
2241
13907
7469
22123
5395
4367
10792
2985
4590
10699
19084
1366
6181
2764
13810
12656
16878
16363
9387
9570
3302
16841
21374
24750
6018
12117
11827
12551
3423
15957
17903
5072
28078
13280
4180
8183
5026
11492
3256
1742
2958
13987
361
790
2170
14128
23110
2837
3689
6807
10770
5264
20410
5170
17756
2579
1919
1398
28705
12773
22881
6181
18897
9954
9240
24626
11626
22903
7062
42
869
20077
22200
28056
18775
6231
21187
16295
16399
13636
8072
12276
10625
18897
4410
14249
11736
13519
5470
5329
13267
15957
24833
16761
12195
7469
10047
8925
1899
4423
22671
10945
5458
3026
9726
18986
14376
13616
1157
28481
6054
1023
16774
13454
2350
1584
4258
7961
9698
20233
5490
5356
9107
1754
152
24718
1048
11301
3118
22200
20649
2471
5288
23342
2565
2075
26417
17828
18577
5544
253
20408
19342
1476
168
22301
17501
644
26931
13874
4106
16150
675
6202
10633
4005
20160
23464
3478
4023
8823
18954
12432
17621
19528
1732
883
15530
12467
11679
24158
8910
7015
19129
31514
17138
3367
343
31571
15278
2507
11226
6219
1499
17128
16912
8166
2795
10779
12791
24268
6419
66
205
27081
1299
6734
5544
10589
8309
15579
9511
18147
1665
8988
4372
20525
4089
889
12886
3663
11083
14033
10322
5195
11671
6458
11151
6767
742
3539
16103
2922
6536
5166
2820
21474
19618
4887
5080
22643
7028
3503
5040
17038
14181
5321
14727
8714
12110
10066
2155
7566
7001
6637
15839
10310
139
22144
16084
23369
2540
5764
13193
3815
3893
858
8187
9514
19275
13105
4109
9061
2095
4662
12695
28553
13540
7906
1752
2032
699
14702
21762
2389
11339
7188
20911
11803
2292
21723
16596
4793
21061
2160
4762
381
9394
16680
4323
13180
11226
12180
15830
12048
1003
7919
10375
11646
15478
14766
1371
18312
30130
7676
5710
25614
17855
16948
21171
14140
4374
3727
12236
12543
4116
2718
8731
6833
20966
4828
3361
27266
9634
13129
7436
14885
15296
6599
22871
2887
7887
17040
999
2627
5410
3363
22392
490
1178
8991
3939
8887
9007
8154
11560
15501
1444
30175
10378
19555
10479
20709
2407
26286
8429
20019
10580
7959
4802
573
10824
13380
10169
15607
31025
12478
3566
23153
4979
19696
12368
8802
9990
22472
2431
20049
2259
8972
23607
13366
6181
9846
12750
16026
21469
26688
17264
22769
22768
12186
10992
17280
518
9347
15967
13475
13012
13108
9377
1451
15926
6817
221
13704
22607
9986
18366
1333
10834
5969
24745
340
4845
18434
1795
26605
5237
21
1735
4347
24375
1212
16200
6867
1121
22753
21427
11034
7692
18919
5624
25537
10285
10131
17093
20148
6336
6414
7346
19188
5852
13164
4450
14114
869
4587
8542
995
6767
15501
19240
13961
13780
2433
18558
4570
2158
9982
5441
1348
26651
9721
21694
271
7531
13540
3544
583
15575
30631
17858
13428
42
10143
636
8756
3678
7283
13819
11613
2686
9240
7724
6628
6711
14656
6584
24649
2950
7506
8863
24081
15682
8983
984
10525
18382
12110
14693
21392
10902
19217
25643
19688
9757
3363
7138
3354
4480
16346
10904
9681
7284
26995
9402
258
24732
6968
21318
3530
17035
14211
7625
2379
3000
28223
13973
334
17640
2109
29338
5237
9974
20172
7949
22010
4383
6465
24563
3031
8862
5211
15350
9925
4278
2492
22826
2804
922
11446
11278
5789
15137
919
7593
6105
973
5147
4832
14775
4500
6685
11942
14330
3588
12614
5608
14232
10483
14125
3032
12519
3297
29242
22397
12464
13701
28906
1439
5419
14952
21196
22194
9185
11875
9540
5627
3947
3508
2982
24271
13072
4309
3192
3092
7949
174
5270
3078
11868
21290
22349
12372
20428
108
7576
24442
5176
4056
7999
4817
1578
20554
13669
78
27445
406
3506
724
8720
6322
18724
9686
14937
20073
9730
22271
11287
6276
3506
19546
8769
11917
776
2841
3527
2621
23797
813
16725
2497
2240
1974
10664
8056
24706
15943
6241
23029
16591
1904
13192
21000
5251
3449
30582
3667
17917
15478
23597
3470
25818
2887
12678
22740
10365
3462
2067
16309
27386
5006
3506
803
4697
1041
11652
10177
17865
1257
13588
6802
15777
1325
2013
9971
9789
15468
14573
14093
2985
3873
5295
17018
8786
267
20086
23319
12922
18537
1647
20114
16099
17468
26002
2856
3047
6861
15317
1933
3456
26660
3348
3111
5225
15998
7611
14888
9789
11048
13092
713
22085
10301
3426
10985
3673
22703
18266
15235
18975
5300
14266
3751
4089
13656
1433
14311
16561
21388
8962
7199
8162
5771
11167
11034
5478
5549
29207
2773
7444
10105
10483
2032
17681
831
19800
8551
12584
20759
7775
8331
4684
24769
3954
16767
14365
2749
10448
10232
334
12188
1456
697
8405
18866
5698
5544
14223
7418
3876
6503
4842
19712
15615
3999
14158
13040
2399
14315
13707
8948
25727
8253
6760
3633
6528
51
18073
19987
11442
13145
6474
18030
2216
6299
1456
16420
10589
10768
5889
9896
19236
22394
1617
25243
13842
3178
3927
2957
22546
17956
18992
6282
12828
17083
684
5527
4725
19768
4176
6577
27925
23937
16547
24819
39
7318
13296
14190
18569
1683
5971
17652
14681
18739
7310
4685
4427
1916
18234
1575
15726
2953
13613
15384
3946
7363
12831
26890
295
1716
1463
5860
5689
3547
12578
11143
111
1835
7380
11373
2121
2419
17518
18045
3449
14062
139
11635
334
5166
101
154
5854
25260
17777
6557
4415
15929
8032
17534
6245
14824
2170
11473
5215
4722
10976
21623
8641
738
3819
4488
4633
19830
3126
18540
14685
22217
1315
7863
8269
19967
6929
3144
19434
18751
13830
16220
10778
5043
5588
23090
4276
13286
15452
27304
5065
777
6991
30189
11358
20954
20864
2264
8806
8373
5741
3774
12721
7502
16812
16900
9767
25005
11215
21893
16378
2516
17591
24843
24573
31348
16977
7268
3543
625
6384
426
174
12944
21260
10297
10801
2775
135
182
21740
11685
3876
14688
10550
9945
3760
12160
23944
16985
750
12082
2685
23415
4502
168
5775
1482
493
15701
46
16318
6213
9907
1879
25009
5009
27835
2111
12739
4439
4594
20917
12672
10955
4233
23948
2146
9330
25753
4977
796
14014
12949
22696
174
14605
1556
19173
6044
15559
6268
18074
4309
17924
16430
5123
9652
13705
1355
4401
9313
1157
21199
9584
14824
744
10705
8923
12264
12559
7005
8684
13605
6656
12051
19524
3648
7641
5293
9404
24648
10565
9333
5211
7845
16388
2605
21230
21458
24230
8606
2121
9081
14839
19342
13035
24105
24958
6878
2942
1204
19246
25834
9002
1746
9
8236
8824
16929
10863
6396
4928
1970
4986
3876
19775
1245
5560
28320
12381
336
11301
263
7538
1809
4899
13946
20067
15495
24948
11201
8257
5606
3241
4768
1041
12278
1478
11894
3596
10200
6018
7491
433
2533
19709
8594
699
664
4360
25088
18483
876
7252
6351
3555
7335
4294
5913
16812
13120
22651
29370
5279
6243
30400
17173
10751
25793
5483
6668
25270
14381
130
19827
6991
6634
8891
6802
21551
10018
2616
8748
1758
28146
20756
9289
23457
9942
20898
7562
18693
23685
2240
20778
7069
16668
1301
8047
54
16888
17731
10408
14439
6156
6786
3768
6798
5293
9402
2203
1499
7577
6529
3156
12483
6786
17429
3616
3464
12559
7415
658
24753
4151
3730
1742
10386
12879
22943
8192
4594
7574
2053
7914
3977
19546
7883
20580
15629
2718
566
18472
2251
781
5930
15815
295
6646
15941
5186
413
6366
7905
18395
17652
6159
5935
11282
20152
3727
9846
7665
59
4473
4227
8887
5837
5055
5874
15111
8726
13773
10867
9667
14020
8615
7025
2498
6609
17163
22035
27064
4556
7363
12294
3043
27355
2024
2782
4918
620
4208
12960
24199
9471
17237
1908
171
1288
20909
6186
6371
21115
15743
19634
8394
18107
19667
8353
3462
3973
707
22926
3178
8559
13048
17987
441
9242
21753
24533
11221
14937
17501
3468
7174
5813
5807
11481
11151
4549
3339
15355
78
3254
3095
22577
19548
4148
9225
9802
9042
6523
10000
1126
13120
17435
4546
1017
18727
18975
6419
28076
12314
22761
13855
13745
6599
17020
201
9382
155
5935
11473
13669
5952
13723
435
27031
28275
25129
4627
623
1950
9203
17899
15364
7283
11448
1204
17996
1250
18573
2379
930
10834
9313
2921
21631
10959
29000
8897
7236
3376
10527
28142
3977
3135
14446
6812
1435
23017
669
11498
5036
11770
23340
16274
24791
17830
15340
14147
12985
4146
23191
990
12537
1923
10573
21848
3637
18542
17515
11829
3009
13931
3996
4034
15360
7545
4298
10751
2733
26451
19676
14210
23990
4631
422
7236
4879
2407
11218
1242
12904
3933
5189
1830
17652
6742
13836
4353
5204
7236
566
7178
13080
4505
28157
967
4684
4409
10066
2902
5036
21243
5126
6174
2688
30865
16607
18821
1735
14160
2921
19129
15257
29215
10105
20759
20170
25431
4409
768
14001
6092
1229
28590
8266
14330
18792
6500
4608
21881
9797
11690
13989
3870
14541
24891
11058
19509
2013
26864
19849
4288
16920
5907
17997
8891
3167
8251
7616
5781
4429
28025
28040
2552
6974
7764
108
717
5400
3715
1603
5583
26612
1709
5483
11842
2541
13407
2489
24230
2226
21275
15511
4932
19516
7313
9773
1128
21974
16861
11654
7602
15498
18550
15342
3993
884
249
17260
2897
14206
13578
27991
2433
3717
4659
11435
490
13336
1638
19652
16383
5295
14298
9954
3844
2759
21107
7354
4415
400
16076
2064
2799
381
30470
14770
24481
9165
4258
22144
10952
18518
348
3627
16781
8126
15225
10029
23626
12573
13231
11579
677
88
20959
8151
14466
20382
7658
13431
25939
14106
14633
490
8377
11876
88
18836
306
10463
28874
9570
11482
13880
23393
3093
4947
11145
8624
1285
20911
3522
25
17934
30579
18395
1626
26541
3516
4539
24570
5536
16859
14085
22070
13366
8390
14095
10684
15056
10150
30091
3416
12120
16408
10919
17786
3673
2316
7286
20191
17133
4625
211
5883
3484
4011
4879
10073
20166
2140
13090
12711
10358
10271
4179
31535
2874
1245
27403
28244
9181
15859
4122
2975
8939
14018
7571
20869
147
26829
157
1561
688
4211
19618
12731
1901
19553
19324
7524
9483
7080
16489
13797
5431
22881
2693
9302
31028
4546
3631
14004
13028
8042
2935
6210
1260
18204
22020
23077
7526
3074
4458
19401
591
18550
14201
9074
6587
12125
8999
4124
23315
1754
30411
787
17448
22233
4751
12780
13765
10123
25893
25124
5443
10599
15414
24297
29856
5993
14140
18806
10372
21521
3041
12656
4659
2599
7648
7418
24375
3816
21837
413
224
4794
19150
6678
20649
25038
16865
20017
20278
3957
7863
20532
16866
8139
11922
4502
20804
1506
11000
13756
5082
8761
28179
15965
115
6809
13086
14054
12113
9560
16307
11375
14098
3876
20504
12590
18832
16959
30295
1891
6874
12288
1232
22861
13934
16626
11986
7723
14874
21128
16629
14731
14486
6078
4918
5556
16404
8945
27249
15751
5134
6033
14206
9476
7560
16668
1649
15059
12427
20736
821
708
10486
15022
2718
10307
4075
78
18739
18073
3678
2658
8115
7713
3372
5594
22410
20687
5689
3271
10076
30569
4188
16333
1927
6663
3085
10981
18160
3449
29482
8199
14116
9047
7734
20607
6893
15819
10406
5091
18934
29467
23044
5326
21694
1729
2308
3379
22349
3816
23611
256
4988
1518
4558
14419
1986
22928
23716
3771
8143
21671
9499
28006
6606
5395
3464
12030
938
21037
5302
612
4319
10568
13877
4768
4746
13973
8925
5036
1817
9909
5404
18954
7518
8756
31374
23391
8540
12674
26023
23551
168
2892
6528
7636
25525
6539
3468
13330
23001
22276
14546
16524
9161
2203
2122
25818
3225
12314
17813
20561
14891
15120
2754
18788
23937
11462
12231
17204
938
29011
8279
3478
17186
4226
20007
1167
26541
12054
9606
16832
12478
23561
979
2205
27215
10322
17104
12443
26157
23892
3825
15705
5573
4409
4548
19199
6962
3361
11394
12471
2802
26121
17025
19188
1869
6991
5058
4314
5710
555
3351
21464
23447
1587
10486
13092
461
1992
1285
3249
647
9023
24448
4434
7630
3088
6178
13310
6071
12970
26040
258
20554
15757
22598
2953
2099
1950
6419
12985
15159
13572
25182
12692
18107
7103
2465
23161
14902
16297
2036
2216
1250
4280
367
1333
8622
719
13900
1923
8948
10469
3130
17334
21275
13433
7329
2352
1238
3117
9566
20191
26799
20279
9599
7411
5870
8037
15116
1242
17420
6893
21853
1461
10068
4656
8532
1069
2976
4874
10448
5066
16683
4762
11486
10771
25582
4700
15739
26372
5225
15267
4005
1947
12603
8781
182
19275
21596
19723
3947
903
1771
22367
3398
20202
2216
10167
2627
9648
6933
6653
8166
5346
13982
3062
12057
9564
12033
11819
17089
24648
3567
7833
7221
17520
8009
15759
4030
10458
3977
23881
12570
26555
19158
24636
3006
2999
4241
12016
17538
1254
28514
4828
3026
21370
1927
32259
13428
5251
8343
7025
6893
26009
2498
4004
30258
1918
21719
20349
13355
23516
10014
24788
8169
699
13607
10490
2342
16633
2942
15901
6220
11286
7942
7448
7380
466
5549
6907
26479
15563
23084
1365
12439
7046
15514
12067
1499
13162
5374
15707
14316
536
1331
6790
19738
13142
6005
4915
2492
8346
443
11132
3557
7785
8532
2752
8931
63
883
10399
8259
16691
19548
278
1272
9544
2627
2125
2333
15949
22001
11368
18922
10827
356
18992
7668
25113
9847
5583
23337
6092
10086
3408
9993
9535
956
31106
8424
2705
2458
17739
29849
11247
4555
14370
22352
925
10968
10329
6010
935
8945
483
16327
14391
1722
16668
20751
2296
1979
26330
2928
16166
20194
14457
7512
25842
23562
3115
20696
3685
1847
11556
12818
17216
7416
17206
21438
24691
14311
697
8077
883
4114
16799
15482
9468
1897
20506
24230
11170
15914
10379
5924
660
20185
6189
10499
9592
11088
12054
22197
17825
3313
4458
8307
1604
17242
18201
29077
17360
2631
6363
16969
25940
6986
13601
19827
4022
21773
15116
25654
616
7808
19755
20554
5798
291
3068
6987
3645
390
10538
11514
21623
22095
9339
12219
10456
8368
3022
1729
188
6210
61
14867
14215
697
7526
9444
11208
6502
9362
10826
205
23797
17140
579
7421
4712
7709
23898
1449
15087
8698
7065
16519
9259
3703
7792
1680
18654
24126
10801
936
11778
12971
6414
84
21801
281
4869
2492
4401
29269
6363
15965
1638
14380
1852
24370
3443
14510
5262
30022
3497
6083
30512
21969
2743
3854
3078
4741
10040
1247
8837
20547
8862
3760
1908
4138
15442
1402
10270
29395
20635
28187
7469
9514
3256
6922
5659
12803
5509
17334
11398
1019
515
16656
5199
14695
21258
340
12231
1923
26830
20661
12184
10077
20133
10184
26494
697
25580
4041
2653
6124
5756
15342
9402
8173
1947
6614
10047
1416
3543
16046
310
3698
5326
13132
5084
8979
15984
9549
240
7005
869
4524
19712
8433
9138
11411
25124
1691
3160
17735
18479
8722
7286
295
27255
26925
6577
8910
713
7942
6577
393
12949
14600
7549
5510
4124
16969
44
2822
14018
4895
7892
27917
19301
12507
13834
10802
438
8331
674
2868
8253
3429
18122
16625
6264
20829
5846
6197
21340
9409
7244
3391
12610
7256
18071
28094
3805
6493
2938
402
12839
8204
21631
12398
6609
6291
23019
12131
16466
23032
1444
1742
1817
28351
14775
26769
24213
16216
14957
1678
3115
10919
6210
17233
18909
17054
1959
13797
4188
25351
5022
5524
27646
9299
21768
18617
15006
13278
6529
10837
6043
10640
4197
7510
4793
5573
22910
11336
568
7142
18103
2360
14471
5006
16489
25239
22677
27605
20063
14624
19766
690
3030
11247
7338
29751
28099
9599
25544
3654
6978
9251
4590
9090
2612
21112
22940
22829
7040
14672
11003
12715
19275
2396
15952
9549
3386
337
11915
12138
6786
7329
9149
19449
10081
2810
3484
28705
11854
26806
19183
22138
10020
7919
13165
1936
10657
9686
9085
4915
8171
8539
21881
6279
2313
23562
15563
3901
19303
24648
17277
15062
5971
1899
10205
5253
14985
82
12212
12886
14998
1071
6285
20160
16492
8269
1029
1891
21248
14088
22398
8795
3213
9322
3201
3453
19885
733
4918
10914
12440
9030
13322
1629
12304
917
11314
16961
21878
7338
7808
5392
7558
5031
25256
6210
6426
10968
12244
14576
11409
11719
1247
4071
11796
7415
10066
1621
14284
11083
3879
4278
8206
30899
6574
21815
4089
19109
858
21273
3711
8902
5930
12949
2426
24075
2588
6262
3954
25193
22843
16301
11682
15764
4294
9492
11121
238
15655
4814
9113
1693
1244
6847
15623
10679
2802
6336
4044
5318
12573
20204
14300
24147
12784
25883
18199
1225
4750
11881
15643
8414
26907
1810
10767
23
746
18226
13303
30294
9544
3153
11520
3160
7318
5668
9588
7543
6973
4117
4687
594
21043
12970
13373
13199
10486
5997
1862
1333
14044
1518
11380
3484
25229
13904
12166
24392
15811
11095
1198
29095
5789
5536
12033
10945
3398
16295
19593
3107
22121
11665
19262
25624
11572
20895
7127
4163
11292
12868
3893
6646
7707
1983
16179
21448
6468
18796
18897
4381
26917
18256
9278
29455
2404
16373
12138
4116
10776
19717
7277
5638
557
10834
8470
407
15742
17719
5741
430
374
16489
4653
19273
5218
3996
10066
3052
2060
13645
13610
9801
6696
7792
14056
10186
493
11794
20979
1950
9836
7894
23302
11109
17867
13174
1244
24015
4874
5212
411
11898
5937
20106
26457
11702
3104
5964
18806
7001
9390
6544
28121
2465
20871
2028
8427
26532
1613
20498
21182
10363
14770
7129
19050
5215
2175
18168
7183
5142
7644
7363
7517
6054
2122
29686
752
17068
3495
24144
27464
18256
27622
3754
9900
13555
2573
5642
1671
8266
18991
3965
25809
26405
15079
20429
23740
30042
12001
18490
4893
15517
2782
10247
7411
5809
19775
3052
12672
6257
18889
21881
9696
6022
11982
16089
6904
5794
6550
6161
19453
1048
1483
19640
14147
14373
13937
6262
4948
9273
26675
14797
8365
20687
19369
6760
19837
8464
7574
12455
24226
24002
10921
950
10431
10703
5539
5216
579
18872
1908
10527
5516
17694
7953
3971
9554
1338
20829
20239
4464
2935
5040
9302
4655
16575
3765
498
2736
16174
10563
8135
20398
21112
8066
8484
11220
3160
2213
10875
15159
13842
14681
4762
18292
24906
1342
1187
11093
9955
7996
3291
14929
11674
10956
7838
1169
2733
833
16636
6749
14274
851
10585
9445
16781
7809
2465
25424
7528
10080
6262
3511
263
3162
12214
790
78
16732
42
321
17427
6762
11034
6662
8644
24458
26197
2947
8716
6284
16589
16580
9664
1257
12806
9182
64
5924
16234
4719
20158
1713
14675
12455
4211
4030
174
13647
420
7950
19997
1112
18842
968
17163
703
9791
7099
3937
9047
25320
16598
10904
546
11425
13496
4191
14554
994
2318
1221
872
3097
23611
8979
13423
4392
4804
7590
22238
8479
3784
13162
21155
9880
5516
11758
2979
3629
8986
5040
6725
8851
8805
592
229
1606
4912
16063
4117
385
14427
10206
9367
5603
13171
4112
20645
20759
3264
30524
14225
18110
3072
5006
11743
16603
13540
1284
2685
3113
5013
6570
2772
21290
13683
5329
9933
1359
11404
1093
5586
11921
2010
1832
6933
10422
16154
16776
22638
3280
5292
15187
3703
14527
13514
7127
18294
6910
18245
4222
3815
8548
1121
2518
21243
1212
4309
16532
10625
11226
8979
13462
23842
59
1321
2223
29942
3741
2155
14521
790
19573
6181
2121
10193
30120
5969
5162
2540
21233
10275
518
12745
13656
20552
15414
14613
17867
9230
21324
10843
8235
11088
2361
730
3014
5352
8902
12903
709
8601
14054
4497
4885
3095
541
17377
23278
4871
10693
390
7850
1553
9531
5866
3430
17416
17658
6496
15943
2149
5510
22127
11674
18922
5619
14481
9839
5864
22446
13215
27810
13589
15690
4011
11403
6492
16466
321
463
10904
12575
28294
3474
13053
7266
2795
15643
5424
21881
4124
12121
17320
17093
11982
12346
18459
11725
13012
10159
9841
11861
826
4418
9753
111
8248
22397
14022
3239
4380
5251
3030
2524
281
6197
13217
799
21086
1077
7186
1676
29590
5211
1012
12418
8622
3623
6776
9113
1136
7707
10625
6102
25722
9032
559
10184
2453
7001
4712
16857
3249
334
2006
17222
12210
9261
2344
20348
3645
3450
9295
6908
23923
471
3654
14181
10955
14341
15596
24875
14044
20300
16841
27051
23199
21756
3706
19027
1143
7526
15487
13498
4136
1774
5837
660
10291
32110
13030
1304
9227
515
18044
25016
21878
13842
8074
11572
2442
12002
14223
16582
6402
2155
1160
7440
10472
8342
4674
553
6086
17121
1353
3678
6779
16041
25614
18699
8499
16575
26837
11603
2975
4211
16290
13035
5813
3085
22983
17966
1092
4575
28521
23723
3052
13889
7687
16659
21142
15109
5310
1139
29974
9387
30557
6253
5556
26806
1754
18564
6442
7785
7363
2534
26678
23100
32068
14571
3884
8325
431
5605
17658
23723
21243
3856
31602
10717
5162
17943
1629
13860
23858
21052
7225
19747
25794
15710
6847
601
10279
5229
6994
3403
13797
7587
7442
12291
10094
10049
14245
10645
3198
21504
5512
8210
16474
19874
5116
346
10163
30118
1311
27980
25855
14710
2083
4109
2249
1402
2994
13605
6414
19927
3379
17071
4984
7524
19827
7543
2019
24371
2210
26427
3470
2477
15697
10644
1027
22194
454
4597
22317
21000
16402
16829
7430
11947
16394
14566
24716
14272
24924
3052
28481
27791
6625
1458
39
12601
2978
15101
8934
512
6728
1604
13342
10972
12072
31464
1735
7396
12562
21812
23040
7543
3126
13815
19738
28214
4415
5851
13985
16935
11125
11854
19818
10195
24221
5616
19012
18357
1288
13176
17018
16718
9185
7286
17468
2367
1491
4530
1200
1787
4703
27480
21801
22645
8173
2116
3003
5321
1795
2092
5410
2773
10849
1504
2129
8736
8401
24144
10919
25801
25643
23846
12551
16307
3271
16437
11450
5311
13459
26709
17825
13257
17711
11654
16018
19076
479
292
7881
18483
12268
11030
11305
17504
616
21659
6195
7053
4500
12052
398
25143
15310
20040
12268
7569
17121
14020
8527
14311
20138
1193
3838
2817
17022
10751
2824
18131
1611
17962
25332
4817
17204
24029
15140
3758
6090
16134
606
19519
15572
12812
28475
14354
8622
23837
20223
4795
3231
1377
8118
21595
10066
3466
18913
952
12882
12038
1897
3793
26
4640
10091
13805
1553
16062
12826
11608
1184
13636
15983
4180
8831
23727
14357
19124
5180
6674
21318
24750
18345
12655
7472
16679
4555
27770
9317
7005
6395
19158
14218
2170
12941
15625
11665
7332
27781
6497
11566
9200
19350
6767
14416
6843
8199
23870
20454
6933
13193
5185
1371
6769
3798
31792
1280
4800
3847
8398
16225
3228
14457
15998
1071
12200
8421
4519
7588
19090
450
17365
30786
1611
20624
14919
12581
4859
5051
8695
17252
14178
12364
2582
11643
3708
5172
30219
13549
22832
2370
13090
10364
11577
11083
5386
11141
4146
3681
2985
13599
5031
1675
1855
9486
14272
23511
6411
21307
22405
19531
6559
2446
14564
592
15988
8133
13595
15803
9511
5291
4640
15546
8997
3968
7150
108
25589
11734
9499
14001
24445
7314
4127
25131
11351
2177
20536
1107
9037
15952
2138
9463
179
2627
5162
12800
7599
16614
12756
2693
16348
23285
4519
9574
17057
9052
21363
24412
126
6693
11682
13255
17252
9047
93
7879
21464
9409
5141
3681
26064
18463
26617
13569
6054
26405
4226
23338
979
11462
9704
11986
15414
6822
17068
4971
7892
5537
2101
8010
7823
8682
6940
12847
11679
3368
4246
6071
713
19701
19602
14822
22869
19448
25057
24498
13523
393
22809
4925
16099
20358
18231
3227
1589
4314
8811
23842
1276
4869
11159
15221
14187
19031
9508
15550
16955
938
16905
21235
10534
8929
756
11646
5490
17089
1876
197
2781
11871
3745
15751
28413
16810
3462
28848
21059
10995
7129
16234
603
10148
19609
2313
14529
7497
2688
22189
11788
10867
1478
2906
27701
14177
118
2892
18277
4222
10642
9336
5096
8053
4136
14321
22446
7005
22987
31808
5630
10138
772
9394
4284
16625
22901
13696
3052
15903
6127
17220
1404
11373
15581
20881
186
16980
20059
703
15916
4906
10634
5905
9409
4956
5395
536
12789
16107
30278
1043
15772
3474
18992
5843
8791
97
15129
18913
13860
353
1713
1470
4808
24986
24910
25050
7513
25450
13797
4736
456
23373
13162
20820
3028
19460
1474
19892
17409
26213
27963
82
2291
3239
5031
14914
19006
7354
14295
10108
12207
21480
4651
4855
1241
15177
7508
4383
5617
19531
16461
5254
9409
6071
20849
1478
16127
7792
22023
796
9471
10304
2276
7230
16395
9529
390
515
10483
25162
9656
2453
2223
1762
145
1683
3536
5802
22386
4508
6306
14167
14040
10801
13656
24194
11121
660
30077
18345
5775
22857
6161
8708
18766
11643
9505
7692
783
17297
8482
15044
9009
27499
3462
30242
1090
12549
4947
18693
17705
10655
364
6631
8902
14516
22632
2661
16481
11055
5267
20886
22095
813
1869
7827
5983
8217
27589
8162
16679
10264
2921
11509
24180
2106
8808
1112
18410
5993
15473
8148
10125
1520
8261
9679
1343
10847
928
2292
10995
11462
8913
13009
14897
13423
5036
538
