-1 6
1 4
1 4
-1 6
4 6
-1 9
6 9
7 9
-1 59
9 11
9 18
9 14
9 14
9 18
14 18
14 18
9 18
9 32
18 26
18 21
18 26
18 26
22 26
18 26
18 26
9 32
26 29
26 29
26 32
26 32
30 32
9 59
32 42
32 35
32 42
35 42
32 42
37 42
32 42
32 42
32 42
9 59
42 45
42 45
42 59
45 53
45 53
45 53
45 53
45 53
42 53
51 53
42 56
53 56
53 56
-1 59
56 59
56 59
-1 136
59 65
59 65
59 65
59 65
59 65
59 136
65 68
65 68
65 118
68 71
68 71
59 118
71 73
71 76
73 76
71 76
59 77
59 118
77 83
77 83
77 83
77 83
77 83
77 98
83 98
83 98
83 98
83 89
83 89
77 98
59 92
90 92
59 98
92 98
93 98
92 98
59 98
96 98
59 118
98 100
59 118
100 118
100 105
102 105
100 105
100 118
105 109
105 109
105 109
100 118
109 118
109 118
109 118
109 118
109 118
109 118
109 118
100 118
59 136
118 122
119 122
118 122
118 136
122 128
122 125
122 128
125 128
126 128
118 136
128 136
129 136
129 133
129 133
129 136
133 136
133 136
-1 1378
136 141
136 139
136 141
136 141
136 152
141 152
141 144
136 152
136 152
136 150
136 149
136 149
136 150
136 152
150 152
136 212
152 154
152 160
152 156
152 160
156 160
156 160
152 160
152 212
160 164
160 164
160 164
160 172
164 166
164 172
166 172
164 172
164 172
164 172
160 172
136 212
172 175
172 175
172 184
172 184
176 178
172 184
178 180
172 184
180 182
172 184
172 184
172 212
184 191
184 191
184 188
184 191
188 190
184 191
172 212
191 196
191 196
191 196
191 196
191 212
196 201
196 199
196 201
196 201
172 206
201 203
201 206
201 206
204 206
136 212
206 208
206 212
206 212
206 212
210 212
136 261
212 221
212 216
212 216
212 221
216 221
212 221
212 221
212 221
212 261
221 229
221 229
221 225
221 229
225 229
221 229
221 229
212 236
229 236
230 236
230 236
229 236
233 236
229 236
212 261
236 241
236 241
236 240
236 241
236 245
236 245
242 245
236 245
236 261
245 261
245 261
245 255
245 255
245 251
245 255
245 255
252 255
252 255
236 261
255 261
256 261
255 261
255 260
236 261
136 1378
261 263
261 292
263 267
264 267
263 267
261 292
267 269
267 276
269 271
267 276
267 276
272 276
267 276
267 276
261 292
276 282
276 282
276 282
279 282
276 282
261 292
282 286
282 286
284 286
261 292
261 292
287 292
287 292
289 292
289 292
261 960
292 298
292 298
292 298
292 298
292 298
292 312
298 302
298 302
298 302
292 312
302 304
302 312
304 307
302 307
292 312
292 312
308 312
308 312
292 312
292 325
312 318
312 318
312 318
312 318
312 318
312 325
318 325
318 325
318 325
318 323
312 325
323 325
261 375
325 375
326 328
326 334
328 334
326 334
326 334
326 334
326 334
325 375
334 338
335 338
335 338
325 375
338 340
338 344
338 342
338 344
342 344
325 375
344 351
344 347
344 351
344 351
344 351
349 351
344 375
351 356
351 356
351 356
351 356
351 360
356 359
356 359
344 360
325 375
360 362
360 366
362 366
362 366
362 366
325 375
366 368
366 369
366 375
366 375
370 372
370 375
370 375
366 375
261 485
375 380
375 378
375 380
378 380
375 396
380 396
381 383
380 385
383 385
375 396
385 388
385 388
375 389
375 396
389 396
390 396
391 393
375 394
375 396
394 396
375 441
396 398
396 441
398 400
398 403
400 403
398 403
396 441
403 407
403 407
403 407
403 418
407 412
407 412
407 412
407 412
396 418
412 415
412 415
412 418
415 418
396 418
396 441
418 420
418 441
418 426
421 423
418 426
423 426
423 426
418 441
426 428
426 441
426 441
429 431
418 441
418 435
432 435
432 435
418 441
435 437
435 441
437 439
435 441
439 441
261 485
441 443
441 447
443 447
443 447
443 447
441 457
447 449
447 457
449 452
447 452
447 457
452 454
452 457
454 457
454 457
441 485
457 460
458 460
457 463
460 463
460 463
457 485
463 470
463 467
463 467
463 470
467 470
468 470
463 472
470 472
457 485
472 474
472 485
474 476
457 485
476 478
476 485
478 485
476 485
480 485
476 485
476 485
476 485
136 625
485 495
485 488
485 495
488 495
488 495
488 492
485 495
492 495
492 495
485 551
495 497
495 509
497 499
495 509
499 509
499 503
499 503
495 509
495 507
495 507
505 507
485 509
507 509
485 551
509 511
509 518
511 518
512 518
511 516
511 516
509 518
516 518
485 545
518 528
518 524
518 524
518 524
518 524
518 528
524 528
524 528
524 528
518 545
528 530
528 545
530 532
528 545
532 534
528 545
534 545
535 538
535 538
534 540
538 540
485 545
540 542
485 545
542 545
542 545
485 551
545 547
545 551
545 551
545 551
545 551
485 625
551 553
551 555
553 555
551 563
555 559
555 559
555 559
551 563
559 561
551 563
561 563
551 584
563 565
563 568
565 567
563 568
563 579
568 579
568 579
568 572
568 579
572 579
572 579
572 579
572 579
568 579
568 579
485 584
579 584
579 584
579 584
579 584
485 625
584 587
584 587
584 592
587 592
587 592
587 592
587 592
584 625
592 594
592 625
594 602
594 602
594 602
594 599
594 602
599 602
594 602
592 611
602 606
602 606
602 606
592 611
606 611
606 611
606 611
606 611
584 625
611 616
612 614
611 616
611 616
611 625
616 618
616 625
618 620
618 622
620 622
584 625
622 624
622 625
136 960
625 632
625 632
625 629
625 632
625 632
625 632
625 637
632 637
632 635
625 637
625 637
625 639
637 639
625 647
639 641
639 647
641 647
642 645
641 645
625 647
645 647
625 655
647 655
647 655
647 655
647 655
647 653
647 655
653 655
625 774
655 657
655 669
657 664
655 662
655 662
655 662
655 664
662 664
655 669
664 667
664 667
655 669
655 669
655 698
669 678
669 678
669 673
669 678
669 678
674 677
674 677
669 678
669 698
678 698
678 682
678 682
678 698
678 689
678 689
684 689
684 688
678 688
678 689
669 695
689 691
669 695
691 695
691 695
691 695
625 698
695 698
695 698
625 774
698 701
698 701
698 734
701 726
702 708
701 708
704 706
698 708
698 708
698 726
698 726
709 711
709 723
711 715
709 715
709 715
698 723
715 718
715 718
698 723
718 723
719 721
698 723
721 723
698 726
723 726
723 726
698 734
726 734
726 734
726 734
726 733
726 733
726 733
726 734
625 774
734 738
734 738
734 738
734 762
738 741
738 741
738 745
738 745
742 745
738 745
734 747
734 747
734 762
747 754
748 754
748 751
747 754
751 754
747 754
734 762
754 756
754 762
756 762
756 762
756 762
759 762
756 762
625 774
762 767
762 767
762 767
762 767
762 774
767 769
767 774
767 774
767 774
767 774
767 774
136 960
774 779
774 779
774 779
774 779
774 791
779 791
780 782
779 791
779 784
774 789
784 786
774 789
786 789
786 789
774 791
789 791
774 812
791 795
792 794
791 795
774 812
795 802
795 800
795 800
795 800
795 802
795 802
795 812
802 812
802 812
802 812
802 808
802 808
795 812
808 810
808 812
810 812
136 960
812 814
812 817
814 817
812 817
812 850
817 821
817 821
817 821
817 822
817 825
822 825
822 825
812 850
825 830
825 830
825 830
825 830
825 850
830 832
830 834
830 834
830 850
834 836
830 850
836 839
836 839
836 850
839 850
839 842
830 850
825 850
843 850
843 850
843 850
843 850
843 850
848 850
812 960
850 853
850 853
850 899
853 856
853 856
853 861
856 861
856 859
850 861
859 861
850 877
861 867
861 867
861 867
861 867
865 867
861 868
861 877
868 870
868 876
870 876
870 876
870 874
868 876
874 876
850 877
850 899
877 879
877 881
879 881
877 899
881 886
881 884
881 886
884 886
877 899
886 889
886 889
886 899
889 896
889 896
889 896
892 894
886 896
886 896
877 899
896 898
877 899
812 960
899 902
899 902
899 960
902 905
902 905
902 923
905 908
905 908
899 916
908 913
908 913
908 913
908 913
899 916
913 916
913 916
899 923
916 923
916 919
916 923
916 923
916 923
916 923
899 960
923 925
923 926
923 943
926 930
926 930
926 930
923 943
930 932
930 943
932 943
932 943
930 943
930 943
930 943
930 943
938 943
930 941
923 943
923 943
812 960
943 945
943 960
945 949
945 949
945 949
943 960
949 960
949 953
949 953
943 960
953 955
943 960
943 959
956 959
956 959
812 960
136 1378
960 962
960 968
960 968
960 968
960 968
965 967
960 968
960 1216
968 980
968 972
968 972
968 980
968 980
973 976
973 976
968 980
976 980
976 980
976 980
968 1112
980 982
980 987
980 987
980 987
980 987
980 987
980 990
987 990
987 990
980 1036
990 992
990 996
992 996
990 996
990 996
990 1036
996 1036
997 1007
997 1000
997 1007
997 1007
997 1007
997 1007
997 1007
996 1007
996 1007
980 1014
1007 1014
1007 1014
1007 1014
1007 1014
1007 1014
1007 1014
968 1036
1014 1016
1014 1019
1014 1019
1014 1019
1014 1036
1019 1027
1019 1027
1019 1027
1019 1024
1019 1027
1024 1027
1019 1027
968 1036
1027 1030
1028 1030
968 1036
1030 1033
1030 1033
1030 1036
1033 1036
1034 1036
960 1112
1036 1039
1036 1039
1036 1042
1039 1042
1036 1042
1036 1052
1042 1044
1042 1052
1044 1052
1044 1052
1042 1049
1042 1049
1036 1052
1049 1052
1049 1052
960 1112
1052 1056
1052 1056
1052 1056
1052 1067
1056 1060
1056 1060
1056 1060
1052 1067
1060 1067
1060 1067
1060 1067
1060 1067
1052 1067
1052 1067
1052 1112
1067 1072
1067 1072
1067 1072
1067 1072
1067 1076
1072 1076
1072 1076
1072 1076
1067 1091
1076 1081
1076 1079
1076 1081
1079 1081
1076 1091
1081 1091
1081 1091
1083 1091
1081 1091
1081 1091
1076 1091
1087 1089
1076 1091
1089 1091
960 1112
1091 1093
1091 1100
1093 1095
1091 1100
1095 1100
1096 1100
1091 1100
1091 1100
1091 1102
1100 1102
960 1112
1102 1107
1103 1107
1102 1107
1102 1107
1102 1112
1107 1109
1107 1112
1107 1112
1107 1112
960 1205
1112 1119
1113 1115
1112 1119
1115 1117
1112 1119
1112 1119
1112 1140
1119 1123
1120 1123
1119 1123
1119 1132
1123 1125
1123 1132
1125 1130
1123 1130
1123 1130
1123 1130
1112 1132
1130 1132
1112 1140
1132 1134
1132 1136
1132 1136
1132 1140
1136 1139
1136 1139
1112 1140
1112 1205
1140 1143
1140 1143
1140 1170
1143 1145
1140 1148
1145 1148
1145 1148
1140 1170
1148 1151
1148 1151
1148 1159
1151 1159
1151 1154
1151 1159
1154 1159
1154 1159
1154 1159
1148 1159
1140 1170
1159 1163
1159 1163
1159 1163
1140 1170
1163 1170
1163 1170
1163 1170
1163 1170
1167 1170
1163 1170
1112 1205
1170 1172
1170 1186
1172 1174
1170 1186
1174 1176
1174 1179
1176 1179
1170 1179
1170 1186
1179 1186
1180 1186
1179 1186
1179 1186
1179 1186
1170 1186
1170 1205
1186 1188
1186 1189
1186 1194
1189 1194
1190 1194
1186 1194
1186 1194
1186 1205
1194 1197
1194 1197
1194 1202
1197 1199
1194 1202
1199 1201
1194 1202
1170 1205
1202 1205
1203 1205
136 1216
1205 1207
1205 1210
1205 1210
1205 1210
1205 1216
1205 1216
1211 1213
1205 1216
1205 1216
1214 1216
136 1378
1216 1221
1216 1221
1216 1221
1216 1221
1216 1245
1221 1224
1221 1224
1221 1227
1224 1227
1221 1227
1221 1234
1227 1230
1227 1230
1227 1234
1227 1234
1231 1234
1227 1234
1216 1245
1234 1236
1234 1245
1236 1238
1234 1245
1238 1240
1238 1245
1234 1245
1234 1245
1242 1245
1234 1245
1216 1378
1245 1248
1245 1248
1245 1260
1248 1260
1249 1252
1249 1252
1245 1255
1252 1255
1252 1255
1245 1260
1255 1258
1255 1258
1245 1260
1258 1260
1216 1378
1260 1282
1261 1263
1260 1282
1263 1265
1263 1282
1265 1267
1260 1282
1267 1270
1267 1270
1260 1282
1270 1272
1270 1273
1260 1282
1273 1275
1273 1282
1275 1277
1273 1282
1277 1279
1273 1282
1279 1282
1279 1282
1260 1378
1282 1292
1282 1286
1282 1286
1282 1292
1282 1292
1282 1292
1282 1292
1282 1292
1290 1292
1260 1378
1292 1295
1292 1295
1292 1297
1295 1297
1292 1378
1297 1301
1297 1301
1297 1301
1297 1302
1292 1378
1302 1307
1302 1307
1302 1307
1302 1307
1302 1321
1307 1309
1302 1321
1309 1311
1309 1321
1309 1321
1309 1321
1313 1315
1309 1321
1315 1317
1302 1321
1317 1321
1317 1321
1317 1321
1260 1378
1321 1325
1321 1325
1321 1325
1321 1334
1325 1331
1325 1331
1325 1329
1321 1331
1321 1331
1321 1334
1331 1334
1331 1334
1321 1378
1334 1339
1334 1337
1334 1339
1337 1339
1334 1378
1339 1345
1339 1344
1339 1344
1339 1344
1339 1345
1334 1348
1345 1347
1345 1348
1334 1378
1348 1350
1334 1363
1350 1354
1350 1354
1350 1354
1334 1355
1216 1363
1355 1359
1355 1359
1355 1359
1355 1363
1359 1363
1360 1363
1360 1363
1216 1378
1363 1366
1363 1366
1363 1378
1366 1371
1366 1371
1366 1371
1366 1371
1363 1378
1371 1378
1372 1374
1363 1378
1374 1376
1374 1378
1376 1378
-1 -1
1378 1382
1378 1382
1378 1382
1378 1421
1382 1384
1382 1386
1384 1386
1378 1388
1386 1388
1378 1421
1388 1390
1388 1391
1378 1421
1391 1395
1391 1395
1391 1395
1378 1421
1395 1398
1396 1398
1378 1421
1398 1404
1398 1402
1398 1402
1398 1404
1398 1404
1378 1409
1404 1406
1404 1409
1406 1409
1406 1409
1378 1421
1409 1411
1378 1421
1411 1421
1412 1415
1412 1415
1411 1421
1415 1421
1415 1421
1415 1421
1415 1421
1419 1421
1378 1442
1421 1442
1422 1426
1422 1426
1422 1426
1421 1427
1421 1442
1427 1438
1427 1438
1427 1438
1427 1432
1427 1438
1427 1438
1427 1438
1434 1438
1427 1438
1436 1438
1421 1442
1438 1440
1378 1442
1440 1442
1378 1454
1442 1447
1442 1447
1442 1447
1445 1447
1442 1454
1447 1449
1442 1454
1449 1454
1450 1454
1451 1454
1450 1454
1378 1537
1454 1456
1454 1478
1454 1461
1454 1461
1454 1461
1454 1461
1454 1478
1461 1464
1461 1464
1454 1478
1464 1478
1464 1467
1454 1468
1454 1478
1454 1478
1469 1478
1454 1478
1454 1473
1454 1478
1473 1478
1454 1478
1475 1478
1454 1478
1454 1510
1478 1483
1478 1483
1478 1483
1478 1483
1478 1510
1483 1487
1483 1487
1483 1487
1483 1493
1483 1489
1478 1493
1489 1493
1489 1492
1489 1493
1454 1506
1493 1495
1493 1506
1495 1498
1495 1498
1493 1506
1498 1506
1499 1501
1498 1506
1501 1506
1498 1506
1503 1506
1493 1506
1454 1510
1506 1510
1506 1510
1506 1510
1378 1537
1510 1537
1510 1537
1510 1528
1510 1515
1510 1528
1515 1519
1510 1519
1510 1519
1510 1523
1519 1521
1510 1523
1521 1523
1510 1528
1523 1527
1523 1527
1525 1527
1510 1528
1510 1537
1528 1535
1528 1535
1530 1532
1528 1535
1532 1535
1532 1535
1510 1537
1535 1537
1378 1862
1537 1542
1537 1542
1537 1542
1537 1542
1537 1545
1542 1545
1543 1545
1537 1551
1545 1549
1545 1549
1545 1549
1537 1551
1549 1551
1537 1651
1551 1565
1551 1565
1551 1565
1551 1559
1551 1557
1551 1559
1551 1559
1551 1565
1559 1565
1559 1562
1551 1565
1562 1565
1562 1565
1537 1651
1565 1567
1565 1573
1567 1569
1565 1573
1565 1573
1570 1573
1570 1573
1537 1620
1573 1576
1573 1576
1573 1593
1576 1582
1576 1579
1576 1582
1576 1582
1576 1582
1573 1586
1582 1586
1582 1586
1573 1586
1573 1593
1586 1589
1586 1589
1586 1591
1589 1591
1537 1593
1591 1593
1537 1620
1593 1620
1594 1620
1594 1611
1596 1599
1594 1599
1594 1611
1594 1611
1600 1602
1594 1611
1602 1605
1602 1605
1594 1611
1605 1611
1594 1611
1607 1611
1607 1611
1594 1611
1537 1620
1611 1617
1611 1617
1611 1617
1611 1617
1611 1617
1537 1620
1617 1620
1617 1620
1537 1651
1620 1622
1620 1651
1622 1624
1620 1625
1620 1627
1625 1627
1620 1645
1627 1633
1627 1631
1627 1631
1627 1633
1631 1633
1620 1645
1633 1637
1634 1636
1633 1637
1620 1645
1637 1639
1637 1641
1639 1641
1620 1645
1641 1643
1641 1645
1643 1645
1537 1651
1645 1647
1645 1651
1647 1651
1647 1651
1647 1651
1378 1687
1651 1653
1651 1655
1653 1655
1651 1687
1655 1658
1655 1658
1655 1660
1658 1660
1655 1665
1660 1662
1660 1665
1660 1665
1660 1665
1655 1687
1665 1667
1665 1687
1665 1672
1665 1672
1665 1671
1665 1672
1665 1687
1672 1687
1672 1687
1672 1676
1665 1687
1665 1687
1677 1679
1655 1687
1679 1687
1679 1682
1655 1687
1682 1687
1682 1685
1655 1687
1685 1687
1378 1862
1687 1689
1687 1710
1689 1694
1689 1694
1687 1694
1687 1694
1687 1709
1694 1709
1695 1697
1695 1701
1697 1701
1695 1700
1687 1701
1687 1709
1701 1704
1702 1704
1687 1709
1704 1709
1704 1709
1704 1709
1704 1709
1687 1710
1687 1752
1710 1717
1710 1717
1710 1717
1710 1717
1710 1717
1710 1717
1710 1739
1717 1723
1717 1723
1717 1721
1717 1723
1717 1723
1717 1739
1723 1730
1723 1726
1723 1730
1723 1730
1727 1730
1723 1730
1710 1739
1730 1734
1730 1734
1730 1734
1710 1739
1734 1739
1734 1739
1734 1738
1710 1739
1687 1752
1739 1742
1739 1742
1739 1752
1742 1752
1739 1745
1739 1752
1739 1748
1739 1748
1739 1752
1739 1752
1749 1751
1739 1752
1687 1764
1752 1754
1752 1764
1754 1758
1754 1758
1754 1758
1752 1764
1758 1764
1758 1764
1760 1764
1758 1764
1758 1764
1687 1789
1764 1770
1764 1770
1764 1768
1764 1770
1768 1770
1764 1771
1764 1789
1771 1773
1764 1789
1773 1775
1773 1789
1775 1781
1775 1780
1775 1779
1775 1780
1773 1781
1773 1789
1781 1783
1781 1789
1773 1789
1784 1789
1784 1789
1786 1789
1784 1789
1378 1862
1789 1792
1789 1792
1789 1811
1792 1795
1789 1795
1789 1797
1795 1797
1789 1811
1797 1799
1789 1811
1799 1811
1799 1811
1799 1811
1799 1811
1799 1811
1789 1811
1805 1811
1789 1811
1789 1810
1808 1810
1789 1811
1789 1833
1811 1813
1811 1815
1811 1815
1811 1819
1815 1819
1816 1819
1815 1819
1811 1833
1819 1833
1820 1822
1819 1833
1822 1824
1819 1833
1824 1826
1819 1833
1826 1828
1819 1833
1828 1833
1828 1833
1828 1833
1819 1833
1789 1862
1833 1836
1833 1836
1833 1862
1836 1839
1836 1839
1833 1862
1839 1842
1839 1842
1833 1862
1842 1846
1842 1846
1833 1846
1833 1862
1846 1849
1846 1849
1846 1862
1849 1851
1849 1862
1849 1862
1849 1862
1853 1862
1849 1862
1846 1862
1856 1862
1833 1862
1858 1862
1833 1862
1833 1862
1378 -1
1862 1864
1862 1884
1864 1866
1862 1884
1866 1870
1866 1870
1866 1870
1862 1884
1870 1884
1870 1873
1862 1884
1873 1875
1862 1878
1875 1877
1862 1878
1862 1884
1878 1884
1878 1884
1880 1882
1878 1884
1862 1884
1862 1890
1884 1890
1885 1890
1884 1890
1884 1890
1884 1890
1862 1938
1890 1896
1890 1896
1890 1896
1890 1896
1890 1896
1890 1938
1896 1899
1896 1899
1896 1938
1899 1901
1896 1938
1901 1906
1901 1906
1901 1906
1896 1906
1896 1938
1906 1915
1907 1915
1907 1915
1907 1915
1907 1915
1906 1915
1896 1915
1913 1915
1896 1938
1915 1920
1915 1920
1915 1919
1915 1920
1896 1938
1920 1923
1920 1923
1896 1938
1923 1928
1923 1928
1923 1928
1923 1928
1896 1938
1928 1931
1928 1931
1896 1938
1931 1938
1932 1934
1931 1938
1931 1938
1931 1938
1936 1938
1862 2058
1938 1941
1938 1941
1938 1964
1941 1947
1938 1947
1938 1947
1938 1947
1938 1947
1938 1964
1947 1949
1938 1964
1949 1952
1949 1952
1938 1964
1952 1955
1952 1955
1938 1956
1938 1964
1956 1958
1956 1964
1958 1960
1956 1964
1960 1964
1961 1964
1961 1964
1938 1994
1964 1969
1965 1969
1964 1969
1964 1969
1964 1983
1969 1983
1970 1983
1969 1977
1969 1977
1969 1977
1969 1977
1969 1977
1969 1983
1977 1983
1977 1983
1979 1983
1977 1983
1977 1983
1938 1994
1983 1994
1983 1988
1983 1988
1983 1988
1983 1994
1988 1992
1988 1992
1983 1992
1983 1994
1992 1994
1862 2058
1994 1996
1994 2005
1996 1998
1994 2005
1994 2005
1999 2002
1999 2002
1994 2005
2002 2005
2002 2005
1994 2029
2005 2007
2005 2029
2007 2011
2007 2011
2007 2011
2007 2018
2007 2018
2012 2018
2007 2018
2007 2018
2007 2017
2007 2018
2007 2029
2018 2020
2007 2029
2020 2029
2020 2029
2020 2025
2020 2025
2020 2029
2025 2029
2026 2029
2007 2029
1862 2058
2029 2035
2029 2032
2029 2033
2029 2035
2033 2035
2029 2058
2035 2058
2035 2046
2035 2046
2035 2042
2035 2042
2035 2042
2035 2046
2035 2046
2035 2046
2044 2046
2035 2058
2046 2048
2046 2058
2048 2050
2046 2058
2050 2052
2035 2058
2052 2058
2053 2058
2053 2058
2053 2058
2056 2058
1862 2341
2058 2065
2059 2065
2059 2065
2058 2065
2062 2065
2058 2065
2058 2073
2065 2073
2065 2073
2065 2073
2065 2073
2069 2073
2065 2073
2065 2073
2058 2341
2073 2079
2073 2079
2073 2079
2073 2079
2073 2079
2073 2088
2079 2081
2079 2084
2081 2084
2081 2084
2073 2088
2084 2088
2084 2088
2086 2088
2073 2097
2088 2093
2088 2093
2090 2093
2088 2093
2088 2097
2093 2097
2093 2097
2093 2097
2058 2152
2097 2101
2097 2101
2097 2101
2097 2110
2101 2110
2101 2110
2101 2105
2097 2108
2105 2108
2097 2108
2097 2110
2108 2110
2097 2152
2110 2113
2110 2113
2110 2130
2110 2130
2114 2119
2114 2119
2114 2119
2114 2119
2110 2130
2119 2125
2119 2125
2119 2125
2119 2125
2110 2125
2110 2130
2097 2130
2126 2130
2126 2130
2126 2130
2097 2152
2130 2138
2131 2133
2130 2134
2130 2138
2134 2138
2134 2137
2134 2138
2097 2152
2138 2140
2138 2142
2138 2142
2138 2152
2142 2144
2142 2152
2142 2147
2142 2147
2138 2152
2147 2152
2147 2152
2147 2152
2150 2152
2058 2341
2152 2208
2153 2156
2153 2156
2153 2158
2156 2158
2152 2161
2158 2160
2152 2161
2152 2208
2161 2165
2161 2165
2161 2165
2161 2183
2165 2167
2165 2183
2165 2183
2168 2183
2165 2171
2161 2183
2161 2183
2161 2183
2173 2175
2161 2183
2175 2177
2161 2183
2161 2179
2161 2183
2161 2183
2180 2183
2180 2183
2152 2208
2183 2189
2183 2189
2183 2189
2183 2189
2183 2189
2152 2208
2189 2195
2189 2195
2189 2195
2189 2194
2189 2195
2189 2208
2195 2208
2195 2208
2195 2199
2195 2208
2199 2205
2199 2203
2199 2203
2195 2205
2203 2205
2189 2208
2205 2208
2206 2208
2058 2341
2208 2210
2208 2218
2210 2218
2210 2214
2210 2214
2208 2218
2214 2218
2214 2218
2208 2218
2208 2284
2218 2221
2218 2221
2218 2226
2218 2226
2222 2226
2218 2226
2218 2226
2208 2284
2226 2228
2226 2235
2228 2235
2228 2235
2226 2235
2226 2235
2226 2235
2226 2235
2208 2284
2235 2241
2236 2238
2235 2241
2238 2241
2238 2241
2208 2284
2241 2246
2241 2245
2241 2245
2241 2246
2241 2284
2246 2250
2246 2250
2246 2250
2246 2264
2250 2252
2246 2256
2252 2256
2252 2256
2246 2256
2241 2264
2256 2264
2256 2264
2256 2264
2256 2262
2256 2262
2241 2264
2262 2264
2208 2268
2264 2266
2264 2268
2266 2268
2208 2284
2268 2274
2268 2274
2268 2274
2268 2274
2268 2274
2268 2276
2274 2276
2268 2284
2276 2278
2276 2284
2276 2284
2276 2284
2280 2282
2276 2284
2282 2284
1862 2341
2284 2287
2284 2287
2284 2290
2287 2290
2287 2290
2284 2341
2290 2292
2290 2294
2292 2294
2290 2295
2284 2341
2295 2341
2296 2299
2296 2299
2295 2300
2295 2311
2300 2302
2295 2311
2302 2304
2295 2311
2304 2307
2304 2307
2295 2311
2295 2311
2295 2311
2309 2311
2295 2341
2311 2314
2311 2314
2311 2317
2314 2317
2314 2317
2295 2341
2317 2323
2317 2321
2317 2321
2317 2323
2321 2323
2284 2341
2323 2341
2324 2326
2284 2341
2326 2329
2326 2329
2326 2341
2329 2331
2329 2333
2331 2333
2284 2341
2333 2341
2333 2341
2335 2341
2336 2338
2335 2341
2335 2341
2333 2341
1862 6122
2341 2343
2341 2355
2343 2347
2341 2347
2341 2347
2341 2355
2347 2350
2341 2350
2341 2355
2341 2355
2341 2353
2341 2355
2353 2355
2341 2463
2355 2366
2355 2366
2355 2359
2355 2361
2355 2361
2355 2366
2361 2366
2355 2366
2363 2366
2355 2366
2355 2390
2366 2371
2366 2371
2366 2371
2366 2371
2366 2390
2371 2373
2371 2375
2371 2375
2366 2390
2375 2377
2375 2378
2355 2390
2378 2380
2378 2390
2380 2382
2378 2390
2378 2390
2383 2390
2383 2390
2383 2390
2378 2390
2378 2390
2378 2390
2341 2463
2390 2392
2390 2397
2390 2397
2390 2395
2390 2397
2395 2397
2390 2429
2397 2399
2397 2416
2399 2401
2397 2414
2401 2404
2401 2404
2390 2414
2404 2410
2404 2410
2404 2410
2404 2409
2404 2410
2390 2413
2410 2413
2410 2413
2390 2414
2390 2416
2414 2416
2390 2429
2416 2418
2416 2420
2416 2420
2416 2429
2420 2422
2420 2429
2420 2429
2423 2429
2423 2429
2423 2427
2416 2429
2427 2429
2341 2463
2429 2451
2430 2433
2430 2433
2430 2451
2433 2435
2429 2451
2435 2437
2435 2442
2437 2442
2438 2440
2429 2442
2440 2442
2429 2451
2442 2445
2442 2445
2442 2451
2445 2451
2445 2451
2445 2451
2445 2451
2449 2451
2341 2463
2451 2463
2452 2458
2452 2458
2452 2458
2451 2458
2451 2458
2451 2463
2458 2463
2459 2462
2458 2462
2451 2463
2341 2675
2463 2465
2463 2470
2463 2467
2463 2470
2463 2470
2463 2470
2463 2478
2470 2472
2463 2475
2463 2475
2473 2475
2463 2478
2475 2478
2463 2478
2463 2487
2478 2480
2478 2482
2478 2482
2478 2487
2482 2487
2482 2487
2478 2487
2485 2487
2341 2675
2487 2502
2487 2492
2487 2491
2487 2492
2487 2502
2492 2494
2487 2502
2494 2496
2494 2502
2496 2502
2496 2502
2494 2502
2499 2502
2494 2502
2487 2552
2502 2506
2502 2506
2502 2506
2502 2511
2506 2508
2502 2511
2508 2511
2508 2511
2487 2552
2511 2514
2511 2514
2511 2516
2514 2516
2511 2539
2516 2519
2516 2519
2516 2522
2516 2522
2520 2522
2516 2539
2522 2527
2523 2527
2523 2527
2523 2527
2487 2539
2527 2536
2528 2530
2528 2536
2527 2536
2531 2533
2527 2536
2533 2535
2527 2536
2487 2539
2536 2539
2536 2539
2487 2552
2539 2549
2540 2542
2539 2549
2539 2549
2543 2549
2543 2549
2543 2549
2539 2549
2539 2549
2487 2552
2549 2551
2549 2552
2341 2675
2552 2556
2552 2556
2552 2556
2552 2571
2552 2571
2557 2562
2557 2562
2557 2562
2560 2562
2552 2571
2562 2564
2552 2571
2564 2571
2564 2567
2564 2571
2564 2571
2568 2571
2564 2571
2552 2601
2571 2583
2572 2574
2571 2583
2574 2578
2574 2578
2574 2578
2571 2583
2578 2583
2579 2583
2579 2583
2578 2583
2552 2601
2583 2585
2583 2601
2585 2594
2586 2588
2583 2591
2588 2591
2583 2591
2583 2594
2591 2594
2583 2594
2583 2601
2594 2597
2594 2597
2594 2601
2597 2601
2597 2601
2597 2601
2552 2675
2601 2603
2601 2607
2601 2607
2604 2606
2601 2607
2601 2675
2607 2614
2608 2611
2607 2611
2607 2614
2611 2614
2611 2614
2601 2645
2614 2617
2614 2617
2601 2645
2617 2624
2617 2624
2617 2624
2617 2624
2617 2624
2617 2624
2601 2635
2624 2629
2624 2627
2624 2629
2624 2629
2601 2635
2629 2631
2601 2635
2631 2635
2631 2635
2631 2635
2601 2645
2635 2645
2636 2645
2635 2639
2635 2645
2635 2645
2635 2645
2635 2645
2642 2644
2635 2645
2552 2675
2645 2661
2645 2650
2645 2650
2645 2650
2645 2661
2645 2661
2651 2661
2651 2655
2645 2655
2645 2661
2655 2657
2645 2661
2657 2661
2657 2661
2657 2661
2645 2675
2661 2672
2661 2672
2661 2666
2661 2666
2661 2672
2666 2672
2666 2669
2661 2672
2669 2672
2670 2672
2552 2675
2672 2675
2672 2675
2341 3778
2675 2678
2675 2678
2675 2681
2678 2680
2675 2681
2675 2687
2681 2687
2681 2686
2681 2686
2681 2686
2675 2687
2675 2695
2687 2689
2687 2691
2687 2691
2675 2695
2691 2693
2691 2695
2693 2695
2675 2799
2695 2697
2695 2698
2695 2707
2698 2700
2698 2702
2700 2702
2695 2706
2702 2706
2702 2706
2695 2706
2695 2707
2695 2799
2707 2710
2707 2710
2707 2711
2707 2729
2711 2713
2707 2729
2713 2715
2713 2717
2713 2717
2713 2723
2717 2720
2717 2720
2707 2721
2707 2723
2721 2723
2695 2729
2723 2725
2723 2729
2725 2727
2723 2729
2727 2729
2675 2799
2729 2733
2729 2733
2729 2733
2675 2799
2733 2736
2733 2736
2733 2739
2736 2739
2736 2739
2733 2799
2739 2799
2740 2744
2740 2744
2742 2744
2739 2752
2744 2747
2744 2747
2739 2752
2739 2752
2748 2751
2748 2751
2739 2752
2739 2799
2752 2757
2753 2755
2752 2757
2755 2757
2752 2779
2757 2762
2757 2762
2757 2762
2757 2762
2757 2771
2762 2765
2762 2765
2752 2771
2765 2767
2765 2771
2767 2770
2767 2770
2733 2771
2733 2779
2771 2774
2772 2774
2771 2779
2774 2779
2775 2779
2775 2779
2777 2779
2675 2799
2779 2784
2780 2784
2779 2784
2779 2784
2779 2799
2784 2786
2779 2799
2786 2792
2786 2792
2786 2792
2786 2791
2786 2792
2786 2799
2792 2794
2792 2799
2792 2796
2779 2799
2796 2799
2796 2799
2675 3778
2799 2812
2799 2806
2799 2803
2799 2806
2799 2806
2804 2806
2799 2812
2806 2812
2806 2812
2806 2812
2806 2812
2799 2812
2799 2845
2812 2819
2812 2816
2812 2816
2812 2819
2816 2819
2812 2819
2812 2825
2819 2821
2812 2825
2821 2825
2822 2825
2822 2825
2799 2845
2825 2827
2799 2845
2827 2835
2828 2835
2828 2831
2827 2835
2827 2835
2832 2835
2827 2835
2799 2845
2835 2840
2835 2840
2835 2840
2835 2840
2835 2845
2840 2845
2840 2845
2840 2845
2840 2845
2799 3025
2845 2847
2845 2856
2847 2852
2847 2852
2847 2852
2845 2852
2845 2856
2852 2856
2852 2856
2852 2856
2845 2891
2856 2859
2856 2859
2856 2864
2859 2862
2856 2862
2856 2864
2862 2864
2856 2891
2864 2868
2864 2867
2856 2868
2856 2871
2868 2871
2868 2871
2856 2891
2871 2891
2871 2876
2871 2876
2874 2876
2871 2891
2876 2879
2876 2879
2856 2891
2879 2891
2879 2883
2879 2883
2879 2891
2883 2891
2879 2891
2885 2887
2885 2891
2887 2891
2885 2891
2879 2891
2799 3025
2891 2896
2891 2896
2891 2896
2891 2896
2891 3025
2896 2898
2896 2902
2898 2902
2896 2902
2896 2902
2896 2921
2902 2906
2902 2905
2902 2906
2891 2921
2906 2921
2907 2921
2908 2911
2908 2911
2891 2921
2911 2921
2911 2914
2911 2921
2914 2921
2914 2921
2914 2921
2914 2921
2911 2921
2919 2921
2891 3025
2921 2923
2921 2928
2923 2926
2921 2926
2921 2927
2921 2928
2921 2955
2921 2955
2929 2934
2929 2934
2929 2934
2929 2934
2921 2955
2934 2936
2934 2938
2936 2938
2921 2940
2938 2940
2921 2955
2940 2945
2940 2945
2940 2945
2940 2945
2940 2955
2945 2947
2945 2955
2947 2955
2947 2950
2947 2955
2947 2955
2945 2955
2952 2955
2945 2955
2891 3025
2955 3025
2956 2958
2955 2987
2958 2960
2955 2987
2960 2963
2960 2963
2960 2966
2963 2966
2960 2966
2955 2987
2966 2969
2967 2969
2955 2987
2969 2987
2970 2973
2970 2973
2969 2976
2973 2976
2973 2976
2969 2987
2976 2979
2976 2979
2969 2982
2979 2982
2979 2982
2891 2987
2982 2986
2982 2986
2982 2986
2891 2987
2891 3025
2987 2991
2987 2991
2987 2991
2987 3025
2991 3004
2992 2997
2991 2997
2991 2997
2991 2997
2987 3004
2997 2999
2987 3000
2987 3004
3000 3004
3000 3004
3000 3004
2987 3025
3004 3025
3005 3007
3004 3025
3007 3009
3007 3022
3007 3022
3010 3014
3010 3014
3007 3014
3007 3022
3007 3022
3015 3022
3015 3019
3007 3019
3004 3022
3019 3022
3019 3022
2799 3025
3022 3024
3022 3025
2341 3778
3025 3033
3025 3028
3025 3033
3028 3031
3028 3031
3025 3033
3031 3033
3025 3098
3033 3039
3033 3039
3033 3039
3033 3039
3033 3039
3033 3075
3039 3043
3039 3043
3039 3043
3039 3055
3043 3048
3039 3048
3039 3048
3039 3048
3039 3055
3048 3050
3048 3055
3050 3055
3051 3055
3048 3055
3039 3055
3033 3075
3055 3062
3055 3062
3057 3062
3055 3062
3059 3062
3055 3062
3033 3075
3062 3064
3062 3075
3062 3066
3062 3075
3066 3068
3062 3069
3062 3075
3062 3071
3062 3075
3071 3075
3072 3075
3071 3075
3025 3098
3075 3077
3075 3081
3077 3081
3077 3081
3077 3081
3075 3098
3081 3083
3081 3098
3083 3086
3083 3086
3083 3088
3086 3088
3081 3098
3088 3098
3089 3092
3089 3092
3081 3098
3092 3098
3093 3098
3092 3098
3095 3098
3092 3098
3025 3615
3098 3104
3098 3101
3098 3104
3098 3104
3098 3104
3098 3133
3104 3107
3104 3107
3104 3110
3104 3110
3104 3110
3098 3133
3110 3112
3110 3114
3112 3114
3110 3133
3114 3116
3110 3133
3116 3121
3116 3121
3116 3121
3116 3121
3098 3133
3121 3124
3121 3124
3121 3128
3124 3128
3121 3128
3121 3128
3098 3133
3128 3133
3129 3133
3128 3133
3128 3133
3025 3491
3133 3144
3133 3144
3133 3144
3133 3144
3133 3139
3133 3144
3133 3144
3140 3144
3133 3144
3133 3144
3133 3348
3144 3147
3144 3147
3144 3150
3147 3150
3147 3150
3144 3187
3150 3154
3150 3154
3150 3154
3144 3187
3154 3169
3155 3160
3154 3160
3157 3160
3154 3160
3154 3169
3160 3163
3160 3163
3160 3169
3163 3169
3160 3169
3160 3169
3166 3169
3154 3169
3133 3173
3169 3173
3169 3173
3169 3173
3133 3187
3173 3185
3173 3178
3173 3178
3173 3178
3173 3185
3178 3185
3178 3185
3178 3185
3173 3185
3182 3185
3182 3185
3133 3187
3185 3187
3133 3348
3187 3189
3187 3192
3187 3192
3187 3192
3187 3234
3192 3198
3192 3198
3192 3196
3192 3198
3192 3198
3187 3234
3198 3205
3198 3201
3198 3205
3201 3205
3198 3205
3198 3205
3187 3234
3205 3207
3205 3223
3207 3209
3205 3223
3205 3211
3205 3223
3211 3213
3205 3215
3213 3215
3205 3220
3215 3220
3216 3220
3215 3220
3218 3220
3187 3223
3220 3223
3220 3223
3187 3234
3223 3226
3223 3226
3223 3234
3226 3228
3226 3232
3228 3232
3228 3232
3230 3232
3133 3234
3232 3234
3133 3348
3234 3237
3234 3237
3234 3249
3237 3239
3234 3249
3239 3241
3234 3249
3241 3243
3234 3249
3243 3249
3234 3249
3245 3247
3234 3249
3247 3249
3234 3348
3249 3252
3249 3252
3249 3260
3252 3260
3249 3260
3254 3260
3254 3260
3249 3260
3249 3260
3249 3260
3249 3278
3260 3278
3260 3270
3260 3270
3260 3265
3260 3270
3265 3270
3260 3270
3260 3270
3260 3270
3249 3278
3270 3278
3270 3273
3270 3278
3273 3278
3273 3276
3270 3278
3276 3278
3133 3348
3278 3285
3278 3281
3278 3285
3281 3285
3278 3285
3278 3285
3133 3348
3285 3287
3285 3324
3287 3295
3287 3291
3287 3291
3287 3295
3291 3295
3287 3295
3285 3295
3285 3324
3295 3298
3295 3298
3285 3306
3298 3302
3298 3302
3298 3302
3285 3306
3302 3306
3303 3305
3285 3306
3285 3324
3306 3311
3306 3311
3306 3311
3306 3311
3306 3318
3311 3313
3306 3318
3313 3315
3313 3318
3315 3318
3315 3318
3285 3324
3318 3320
3318 3322
3318 3322
3318 3324
3322 3324
3025 3348
3324 3326
3324 3332
3324 3332
3324 3332
3324 3332
3324 3332
3330 3332
3324 3348
3332 3335
3332 3335
3332 3348
3335 3338
3335 3338
3324 3348
3338 3348
3339 3343
3339 3343
3338 3343
3324 3348
3343 3348
3343 3348
3345 3347
3324 3348
2341 3491
3348 3352
3348 3352
3348 3352
3348 3353
3348 3361
3353 3361
3353 3356
3353 3361
3356 3361
3356 3359
3348 3361
3359 3361
3348 3375
3361 3365
3361 3365
3361 3365
3361 3375
3365 3368
3366 3368
3348 3375
3368 3375
3368 3375
3370 3374
3368 3374
3368 3374
3348 3375
3348 3412
3375 3412
3376 3381
3376 3381
3376 3381
3376 3381
3375 3412
3381 3385
3381 3385
3381 3385
3381 3390
3385 3387
3381 3390
3387 3390
3387 3390
3381 3400
3390 3392
3390 3398
3390 3396
3390 3396
3390 3396
3375 3398
3396 3398
3348 3400
3398 3400
3348 3412
3400 3404
3400 3404
3400 3404
3400 3407
3404 3407
3405 3407
3400 3412
3407 3409
3407 3412
3407 3412
3407 3412
3348 3491
3412 3414
3412 3415
3412 3426
3415 3418
3415 3418
3415 3426
3418 3420
3415 3426
3415 3426
3412 3425
3412 3425
3423 3425
3412 3426
3412 3437
3426 3431
3426 3431
3426 3431
3426 3431
3426 3437
3431 3437
3431 3437
3431 3437
3431 3437
3431 3437
3348 3491
3437 3442
3438 3442
3438 3442
3437 3442
3437 3446
3442 3444
3442 3446
3444 3446
3437 3491
3446 3456
3446 3456
3448 3450
3446 3454
3450 3454
3446 3454
3452 3454
3446 3456
3454 3456
3446 3491
3456 3458
3456 3469
3456 3460
3456 3469
3456 3469
3461 3469
3461 3469
3456 3465
3456 3469
3465 3469
3465 3469
3456 3469
3437 3491
3469 3473
3469 3473
3469 3473
3469 3491
3473 3478
3473 3478
3473 3478
3473 3478
3469 3491
3478 3482
3479 3482
3478 3482
3469 3491
3482 3484
3482 3486
3482 3486
3482 3491
3486 3488
3482 3491
3488 3491
3488 3491
2341 3615
3491 3493
3491 3499
3493 3495
3491 3499
3495 3497
3495 3498
3491 3499
3491 3503
3499 3503
3500 3503
3499 3503
3491 3615
3503 3508
3503 3508
3503 3508
3503 3508
3503 3520
3508 3517
3508 3517
3508 3517
3508 3517
3508 3517
3508 3517
3508 3517
3503 3517
3491 3520
3517 3520
3517 3520
3491 3615
3520 3524
3520 3524
3520 3524
3520 3534
3524 3534
3525 3528
3525 3528
3520 3534
3528 3530
3520 3534
3530 3534
3530 3534
3530 3534
3520 3559
3534 3545
3535 3537
3535 3538
3534 3545
3538 3542
3538 3541
3538 3542
3534 3545
3542 3545
3542 3545
3491 3559
3545 3551
3545 3551
3545 3551
3545 3551
3545 3551
3491 3559
3551 3559
3551 3559
3553 3555
3551 3559
3551 3559
3551 3559
3557 3559
3491 3615
3559 3566
3560 3566
3560 3566
3560 3566
3559 3566
3559 3566
3491 3615
3566 3569
3566 3569
3566 3615
3569 3571
3569 3574
3569 3574
3569 3574
3566 3576
3574 3576
3566 3615
3576 3578
3576 3580
3576 3580
3566 3615
3580 3583
3580 3583
3566 3615
3583 3585
3583 3587
3585 3587
3566 3615
3587 3590
3587 3590
3587 3597
3590 3593
3591 3593
3587 3597
3593 3597
3593 3597
3595 3597
3566 3615
3597 3600
3597 3600
3597 3615
3600 3602
3600 3615
3602 3615
3600 3615
3600 3615
3600 3615
3600 3615
3607 3610
3607 3610
3566 3615
3610 3615
3610 3615
3612 3615
3610 3615
2341 3778
3615 3617
3615 3620
3617 3620
3615 3620
3615 3658
3620 3624
3620 3624
3620 3624
3615 3634
3624 3626
3624 3634
3624 3634
3624 3634
3624 3630
3624 3634
3630 3634
3615 3634
3615 3634
3615 3658
3634 3638
3635 3638
3634 3638
3634 3652
3638 3649
3638 3642
3638 3642
3638 3649
3642 3649
3642 3645
3638 3649
3645 3647
3634 3648
3634 3649
3615 3652
3649 3651
3649 3652
3615 3658
3652 3658
3652 3658
3652 3658
3652 3658
3652 3658
3615 3778
3658 3660
3658 3676
3660 3669
3661 3664
3660 3664
3658 3669
3664 3666
3658 3669
3666 3669
3658 3669
3658 3676
3669 3672
3669 3672
3669 3676
3672 3676
3669 3676
3669 3676
3658 3694
3676 3679
3676 3679
3676 3680
3658 3685
3680 3685
3681 3685
3680 3685
3683 3685
3658 3694
3685 3690
3685 3690
3685 3690
3685 3690
3685 3694
3690 3693
3690 3693
3690 3694
3658 3778
3694 3729
3695 3703
3695 3698
3694 3703
3698 3703
3698 3703
3694 3703
3694 3703
3694 3707
3703 3707
3703 3706
3703 3707
3694 3729
3707 3714
3707 3711
3707 3711
3707 3714
3707 3714
3712 3714
3694 3720
3714 3720
3715 3720
3715 3720
3715 3719
3694 3720
3694 3729
3720 3726
3720 3723
3720 3726
3723 3726
3724 3726
3694 3729
3726 3729
3726 3729
3615 3778
3729 3731
3729 3735
3731 3734
3731 3734
3729 3735
3729 3778
3735 3742
3736 3738
3735 3742
3738 3742
3738 3742
3738 3742
3729 3755
3729 3755
3743 3745
3743 3751
3743 3751
3746 3748
3743 3749
3743 3751
3749 3751
3729 3755
3751 3753
3751 3755
3751 3755
3615 3778
3755 3757
3755 3778
3757 3778
3758 3762
3758 3762
3760 3762
3755 3763
3755 3778
3763 3767
3763 3767
3763 3767
3755 3778
3767 3778
3768 3778
3768 3778
3768 3778
3771 3778
3771 3778
3768 3778
3774 3778
3768 3778
3776 3778
1862 6122
3778 3784
3778 3784
3778 3782
3778 3784
3778 3784
3778 3892
3784 3795
3784 3787
3784 3788
3784 3795
3784 3790
3784 3792
3784 3792
3784 3795
3792 3794
3778 3795
3778 3892
3795 3797
3795 3799
3797 3799
3778 3892
3799 3803
3799 3803
3799 3803
3799 3805
3803 3805
3799 3812
3805 3808
3805 3808
3799 3812
3799 3812
3809 3812
3809 3812
3799 3831
3812 3814
3812 3820
3812 3820
3812 3820
3816 3820
3812 3820
3812 3820
3778 3831
3820 3831
3820 3831
3820 3831
3820 3825
3820 3831
3825 3831
3820 3831
3827 3831
3827 3831
3820 3831
3778 3892
3831 3892
3832 3837
3831 3836
3831 3836
3831 3837
3831 3844
3837 3841
3837 3841
3837 3841
3831 3844
3841 3844
3842 3844
3831 3892
3844 3892
3845 3850
3844 3850
3844 3849
3844 3850
3844 3864
3850 3862
3850 3862
3850 3862
3844 3862
3844 3856
3844 3858
3844 3858
3844 3862
3858 3862
3858 3862
3860 3862
3831 3864
3862 3864
3831 3892
3864 3876
3865 3868
3864 3868
3864 3876
3864 3876
3869 3876
3864 3872
3864 3876
3872 3876
3864 3875
3864 3876
3831 3891
3876 3878
3876 3883
3876 3883
3876 3883
3880 3883
3876 3883
3778 3891
3883 3891
3884 3891
3885 3888
3885 3888
3883 3891
3883 3891
3889 3891
3778 3892
3778 4403
3892 3894
3892 3902
3894 3902
3892 3902
3892 3902
3892 3902
3892 3902
3892 3902
3892 3902
3892 3911
3902 3911
3902 3911
3902 3906
3902 3911
3906 3911
3902 3911
3908 3911
3902 3911
3892 4031
3911 3917
3911 3917
3911 3917
3911 3917
3911 3917
3911 3936
3917 3924
3918 3924
3917 3921
3917 3924
3921 3924
3917 3924
3911 3936
3924 3926
3924 3927
3924 3936
3927 3936
3928 3935
3928 3935
3928 3935
3928 3935
3928 3935
3924 3935
3892 3936
3892 3979
3936 3943
3936 3940
3936 3940
3936 3943
3940 3943
3940 3943
3892 3979
3943 3946
3943 3946
3943 3955
3943 3948
3943 3955
3948 3955
3948 3951
3943 3955
3951 3953
3943 3955
3953 3955
3892 3979
3955 3968
3956 3961
3955 3961
3955 3961
3955 3961
3955 3968
3961 3968
3962 3964
3955 3968
3964 3968
3964 3968
3964 3968
3892 3979
3968 3979
3968 3972
3968 3972
3968 3979
3972 3979
3972 3979
3968 3979
3968 3979
3976 3979
3976 3979
3892 3983
3979 3983
3980 3983
3979 3983
3892 4031
3983 3986
3983 3986
3983 3988
3986 3988
3983 3994
3988 3990
3988 3994
3988 3992
3983 3994
3992 3994
3892 3997
3994 3997
3994 3997
3892 4031
3997 4001
3998 4001
3998 4001
3997 4031
4001 4006
4001 4004
4001 4006
4004 4006
3997 4007
3997 4031
4007 4023
4008 4010
4007 4013
4007 4012
4007 4013
4007 4023
4013 4015
4007 4023
4015 4023
4015 4023
4015 4023
4018 4021
4015 4021
3997 4023
4021 4023
3997 4031
4023 4025
4023 4031
4025 4031
4025 4031
4025 4031
4025 4031
4029 4031
3778 4188
4031 4038
4031 4038
4031 4035
4031 4038
4035 4038
4035 4038
4031 4188
4038 4043
4038 4041
4038 4043
4038 4043
4038 4048
4043 4045
4038 4048
4045 4048
4045 4048
4038 4049
4038 4086
4049 4086
4050 4057
4050 4057
4050 4057
4050 4057
4050 4057
4049 4057
4049 4073
4057 4060
4057 4060
4057 4073
4060 4062
4057 4073
4062 4064
4057 4073
4064 4066
4057 4073
4066 4071
4066 4071
4066 4071
4066 4071
4031 4073
4071 4073
4031 4086
4073 4076
4073 4076
4073 4079
4076 4079
4076 4079
4073 4086
4079 4081
4079 4086
4081 4086
4082 4084
4079 4086
4084 4086
4031 4102
4086 4089
4086 4089
4086 4102
4089 4092
4089 4092
4086 4093
4086 4102
4093 4095
4086 4102
4086 4102
4096 4100
4096 4100
4086 4100
4086 4102
4100 4102
3778 4188
4102 4104
4102 4117
4102 4108
4102 4108
4102 4108
4102 4117
4108 4117
4108 4111
4102 4117
4111 4113
4102 4117
4113 4117
4113 4117
4102 4117
4102 4135
4117 4120
4117 4120
4117 4124
4120 4124
4120 4124
4117 4124
4102 4125
4102 4135
4125 4135
4125 4128
4125 4135
4125 4135
4129 4131
4125 4135
4131 4133
4125 4135
4102 4135
4102 4188
4135 4147
4135 4142
4135 4139
4135 4142
4135 4141
4135 4142
4135 4147
4142 4145
4142 4145
4142 4147
4145 4147
4135 4188
4147 4150
4147 4150
4147 4154
4150 4154
4150 4154
4150 4154
4147 4188
4154 4156
4154 4159
4156 4159
4156 4159
4154 4188
4159 4161
4154 4188
4154 4188
4162 4170
4163 4166
4163 4166
4162 4170
4166 4170
4167 4170
4168 4170
4147 4188
4170 4174
4170 4174
4170 4174
4170 4178
4174 4178
4174 4178
4176 4178
4102 4188
4178 4188
4178 4188
4178 4188
4178 4188
4178 4185
4178 4185
4178 4188
4185 4188
4185 4188
3778 4403
4188 4190
4188 4192
4188 4192
4188 4199
4188 4199
4193 4199
4193 4199
4193 4197
4188 4199
4197 4199
4188 4227
4199 4202
4199 4202
4199 4227
4202 4204
4199 4227
4204 4208
4205 4208
4205 4208
4188 4227
4208 4216
4208 4216
4208 4216
4208 4216
4208 4216
4208 4215
4188 4216
4188 4227
4188 4227
4217 4219
4217 4227
4219 4222
4217 4222
4217 4227
4222 4226
4223 4225
4188 4226
4188 4227
4188 4256
4227 4229
4227 4234
4227 4234
4227 4234
4227 4234
4227 4234
4227 4238
4234 4238
4234 4238
4234 4238
4227 4256
4238 4240
4238 4256
4240 4244
4240 4244
4238 4244
4238 4256
4244 4246
4244 4247
4238 4256
4247 4249
4247 4256
4249 4256
4249 4252
4249 4256
4252 4256
4252 4256
4252 4256
4188 4403
4256 4260
4256 4260
4256 4260
4256 4340
4260 4262
4260 4278
4262 4266
4263 4266
4262 4266
4256 4278
4266 4270
4266 4270
4266 4270
4256 4278
4270 4275
4270 4275
4270 4275
4270 4275
4256 4278
4275 4278
4276 4278
4256 4340
4278 4280
4278 4296
4280 4289
4281 4289
4281 4286
4281 4286
4281 4286
4280 4289
4286 4289
4286 4289
4256 4296
4289 4291
4289 4296
4289 4296
4292 4296
4292 4296
4292 4296
4256 4301
4296 4298
4296 4301
4298 4301
4298 4301
4256 4340
4301 4314
4302 4304
4301 4314
4304 4307
4304 4307
4301 4314
4301 4309
4301 4314
4309 4314
4309 4312
4301 4313
4301 4314
4301 4340
4314 4317
4314 4317
4314 4323
4317 4319
4314 4323
4314 4323
4314 4323
4321 4323
4301 4340
4323 4329
4323 4327
4323 4327
4323 4329
4327 4329
4301 4340
4329 4333
4329 4333
4329 4333
4329 4340
4333 4340
4334 4336
4329 4340
4336 4340
4336 4340
4329 4340
4188 4403
4340 4359
4341 4345
4340 4345
4340 4345
4340 4359
4345 4349
4346 4349
4345 4349
4340 4359
4349 4359
4349 4359
4349 4359
4349 4359
4340 4359
4354 4359
4355 4359
4340 4359
4357 4359
4188 4403
4359 4362
4359 4362
4359 4403
4362 4364
4362 4368
4362 4366
4362 4368
4366 4368
4362 4394
4368 4370
4362 4394
4370 4372
4370 4394
4372 4374
4362 4382
4374 4382
4375 4377
4374 4382
4362 4382
4378 4380
4362 4382
4362 4382
4362 4394
4382 4385
4382 4385
4382 4394
4385 4387
4382 4388
4362 4394
4388 4390
4388 4394
4390 4394
4388 4394
4392 4394
4188 4403
4394 4397
4394 4397
4394 4399
4394 4399
4394 4403
4399 4403
4399 4403
4399 4403
3778 6122
4403 4409
4403 4406
4403 4409
4403 4409
4403 4409
4403 4440
4409 4412
4409 4412
4409 4423
4412 4417
4413 4415
4409 4417
4415 4417
4409 4423
4417 4423
4417 4423
4419 4421
4403 4423
4421 4423
4403 4429
4423 4425
4423 4429
4425 4429
4425 4429
4425 4429
4403 4440
4429 4431
4429 4440
4431 4436
4431 4436
4431 4436
4434 4436
4403 4440
4436 4439
4436 4439
4403 4440
4403 4579
4440 4444
4440 4444
4440 4444
4440 4446
4440 4446
4440 4465
4446 4450
4447 4449
4446 4450
4440 4465
4450 4452
4450 4454
4452 4454
4450 4465
4454 4465
4454 4457
4450 4465
4450 4465
4458 4460
4450 4465
4460 4465
4460 4465
4460 4465
4450 4465
4440 4535
4465 4467
4465 4472
4465 4472
4465 4470
4465 4472
4465 4472
4465 4535
4472 4535
4473 4475
4473 4478
4473 4478
4473 4478
4472 4481
4478 4480
4472 4481
4465 4535
4481 4486
4481 4486
4481 4485
4481 4486
4481 4487
4481 4491
4487 4491
4488 4491
4487 4491
4465 4535
4491 4494
4491 4494
4491 4535
4494 4499
4494 4499
4494 4499
4494 4499
4494 4512
4499 4501
4499 4504
4501 4504
4502 4504
4494 4512
4504 4507
4504 4507
4504 4512
4507 4512
4507 4512
4507 4512
4507 4512
4403 4521
4512 4515
4512 4515
4512 4521
4515 4517
4512 4521
4517 4521
4517 4521
4517 4521
4403 4535
4521 4524
4521 4524
4521 4535
4524 4526
4521 4535
4526 4529
4526 4529
4521 4535
4529 4531
4521 4535
4521 4533
4521 4535
4533 4535
4403 4579
4535 4540
4536 4538
4536 4540
4538 4540
4535 4579
4540 4562
4540 4545
4540 4545
4540 4545
4540 4562
4545 4562
4545 4549
4545 4549
4540 4562
4540 4554
4550 4554
4550 4554
4540 4554
4540 4555
4540 4562
4555 4557
4555 4560
4557 4560
4555 4560
4535 4562
4560 4562
4535 4579
4562 4567
4562 4567
4562 4567
4562 4567
4535 4579
4567 4570
4567 4570
4567 4579
4567 4579
4571 4575
4571 4575
4567 4575
4567 4579
4575 4579
4575 4579
4575 4579
4403 4757
4579 4581
4579 4588
4579 4588
4579 4588
4579 4586
4579 4586
4579 4588
4586 4588
4579 4606
4588 4591
4588 4591
4579 4593
4591 4593
4579 4606
4593 4596
4593 4596
4593 4597
4579 4606
4597 4606
4597 4606
4597 4606
4597 4604
4597 4604
4597 4604
4579 4606
4579 4606
4579 4653
4606 4612
4606 4612
4606 4612
4606 4612
4606 4612
4606 4616
4612 4616
4606 4616
4614 4616
4606 4620
4616 4618
4616 4620
4618 4620
4606 4653
4620 4631
4620 4631
4620 4631
4620 4626
4620 4626
4620 4631
4626 4628
4620 4631
4620 4631
4629 4631
4579 4653
4631 4633
4631 4636
4631 4636
4631 4636
4631 4653
4636 4644
4636 4639
4636 4644
4636 4641
4636 4644
4641 4644
4641 4644
4631 4653
4644 4646
4644 4651
4644 4651
4644 4651
4644 4651
4644 4651
4579 4653
4651 4653
4403 4757
4653 4672
4654 4658
4653 4658
4656 4658
4653 4672
4658 4660
4653 4672
4660 4662
4660 4664
4662 4664
4653 4672
4664 4666
4664 4672
4666 4672
4666 4672
4664 4672
4664 4672
4670 4672
4403 4757
4672 4675
4672 4675
4672 4757
4675 4687
4675 4679
4675 4679
4675 4687
4679 4681
4675 4687
4681 4683
4672 4687
4683 4687
4683 4687
4672 4687
4672 4691
4687 4691
4687 4690
4687 4691
4672 4757
4691 4693
4691 4703
4693 4696
4691 4696
4691 4703
4696 4703
4691 4703
4698 4703
4691 4703
4691 4703
4691 4703
4672 4757
4703 4706
4703 4706
4703 4714
4706 4714
4706 4714
4706 4714
4706 4712
4706 4712
4703 4714
4712 4714
4672 4757
4714 4722
4714 4717
4714 4722
4714 4719
4714 4722
4719 4722
4714 4722
4714 4736
4714 4736
4723 4736
4714 4736
4725 4730
4726 4728
4725 4730
4714 4730
4672 4736
4730 4733
4730 4733
4672 4736
4733 4736
4733 4736
4672 4757
4736 4738
4736 4757
4738 4743
4738 4742
4738 4742
4738 4743
4736 4744
4736 4757
4736 4757
4745 4750
4745 4748
4745 4750
4748 4750
4736 4757
4750 4757
4751 4754
4751 4754
4750 4757
4754 4756
4736 4757
3778 6122
4757 4768
4757 4761
4757 4761
4757 4768
4757 4764
4757 4764
4757 4768
4757 4768
4765 4768
4765 4768
4757 4779
4768 4770
4768 4779
4770 4774
4770 4773
4770 4774
4768 4776
4774 4776
4768 4779
4776 4779
4776 4779
4757 4929
4779 4782
4779 4782
4779 4797
4779 4787
4779 4787
4779 4787
4779 4787
4779 4797
4787 4797
4787 4790
4787 4797
4790 4797
4787 4797
4779 4797
4779 4797
4794 4797
4794 4797
4779 4809
4797 4801
4797 4801
4797 4801
4797 4809
4801 4803
4801 4804
4801 4809
4804 4809
4801 4809
4801 4809
4801 4809
4757 4929
4809 4812
4809 4812
4809 4821
4809 4814
4809 4821
4814 4821
4814 4817
4814 4821
4817 4821
4809 4820
4809 4821
4809 4828
4821 4824
4821 4824
4809 4828
4824 4828
4825 4828
4826 4828
4809 4862
4828 4834
4828 4834
4828 4834
4828 4834
4828 4834
4809 4841
4834 4841
4834 4837
4834 4841
4837 4839
4834 4841
4839 4841
4809 4862
4841 4844
4841 4844
4841 4848
4844 4846
4844 4848
4846 4848
4841 4862
4848 4862
4848 4862
4848 4862
4848 4862
4848 4862
4848 4862
4848 4856
4848 4862
4856 4858
4848 4862
4858 4862
4858 4862
4860 4862
4757 4929
4862 4879
4863 4865
4862 4879
4865 4867
4865 4872
4867 4869
4862 4872
4869 4872
4862 4872
4862 4879
4872 4876
4872 4876
4872 4876
4862 4879
4876 4879
4876 4879
4862 4929
4879 4902
4879 4882
4879 4893
4879 4893
4879 4893
4879 4887
4879 4887
4879 4893
4887 4893
4879 4893
4889 4891
4879 4893
4891 4893
4879 4902
4893 4902
4893 4897
4893 4897
4893 4902
4893 4902
4898 4902
4898 4902
4898 4902
4879 4929
4879 4929
4903 4905
4903 4909
4903 4909
4906 4909
4903 4909
4903 4929
4909 4912
4909 4912
4909 4916
4912 4916
4909 4916
4909 4916
4903 4929
4916 4918
4903 4929
4918 4929
4918 4929
4918 4923
4918 4923
4918 4925
4903 4925
4879 4929
4925 4929
4925 4929
4925 4929
4757 6122
4929 4941
4929 4937
4929 4937
4929 4936
4929 4936
4929 4936
4929 4937
4929 4941
4937 4941
4937 4941
4937 4941
4929 5414
4941 4943
4941 4962
4943 4945
4943 4948
4943 4947
4943 4948
4941 4962
4948 4953
4948 4953
4948 4953
4948 4953
4941 4962
4953 4958
4953 4958
4953 4958
4953 4958
4953 4962
4958 4962
4959 4961
4953 4962
4941 4974
4962 4964
4962 4974
4964 4966
4962 4974
4962 4968
4962 4974
4962 4974
4969 4974
4969 4974
4962 4974
4962 4974
4929 5414
4974 5060
4975 4981
4975 4981
4975 4981
4975 4981
4975 4981
4974 5012
4981 4984
4981 4984
4981 5004
4984 4986
4981 4996
4986 4988
4986 4990
4988 4990
4981 4996
4990 4996
4990 4996
4990 4996
4990 4996
4981 4996
4974 5004
4996 4998
4996 5001
4996 5001
4996 5001
4996 5004
5001 5004
5001 5004
4929 5012
5004 5012
5005 5012
5005 5009
5005 5009
5004 5012
5009 5012
5009 5012
4929 5060
5012 5014
5012 5017
5014 5017
5012 5017
5012 5027
5017 5021
5017 5021
5017 5021
5017 5027
5017 5027
5022 5024
5017 5027
5012 5027
5025 5027
4929 5060
5027 5032
5027 5032
5027 5032
5027 5032
5027 5039
5032 5034
5032 5035
5027 5039
5035 5039
5035 5038
5027 5039
5027 5055
5039 5055
5039 5042
5039 5050
5042 5050
5042 5050
5042 5050
5039 5050
5039 5050
5039 5050
5048 5050
5027 5055
5050 5055
5051 5055
5051 5055
5051 5055
4929 5060
5055 5060
5055 5060
5057 5059
5055 5060
4929 5156
5060 5062
5060 5065
5060 5065
5060 5065
5060 5156
5065 5073
5065 5073
5065 5073
5065 5073
5065 5073
5065 5073
5065 5073
5060 5083
5073 5077
5073 5077
5073 5077
5073 5083
5077 5083
5077 5083
5077 5083
5073 5083
5073 5083
5060 5156
5083 5086
5084 5086
5083 5156
5086 5088
5086 5110
5088 5093
5088 5093
5088 5093
5086 5093
5086 5095
5093 5095
5083 5109
5095 5098
5095 5098
5083 5109
5098 5102
5098 5101
5098 5102
5083 5109
5102 5104
5102 5109
5104 5109
5104 5109
5104 5109
5107 5109
5083 5110
5083 5156
5110 5114
5110 5114
5110 5114
5110 5124
5114 5116
5114 5123
5114 5123
5117 5123
5117 5120
5110 5123
5120 5123
5120 5123
5110 5124
5110 5156
5124 5127
5124 5127
5124 5134
5127 5134
5127 5130
5127 5134
5130 5134
5130 5133
5127 5134
5083 5141
5134 5136
5134 5138
5136 5138
5083 5141
5138 5141
5138 5141
5083 5156
5141 5143
5141 5156
5143 5145
5143 5156
5145 5156
5143 5156
5141 5156
5141 5156
5141 5156
5150 5156
5150 5153
5141 5156
5153 5155
5141 5156
4929 5414
5156 5162
5156 5162
5156 5162
5156 5162
5156 5162
5156 5191
5162 5165
5156 5165
5156 5191
5165 5167
5165 5172
5167 5172
5165 5172
5165 5172
5165 5172
5156 5191
5172 5174
5172 5176
5174 5176
5172 5191
5176 5185
5177 5179
5176 5182
5176 5182
5180 5182
5156 5185
5182 5185
5183 5185
5156 5191
5185 5187
5185 5191
5185 5191
5185 5191
5185 5191
5156 5414
5191 5193
5191 5212
5193 5196
5193 5196
5191 5210
5191 5203
5197 5199
5191 5203
5199 5203
5199 5203
5191 5203
5191 5210
5203 5210
5203 5210
5203 5210
5206 5210
5203 5210
5203 5210
5191 5212
5210 5212
5191 5288
5212 5251
5213 5221
5213 5221
5213 5221
5213 5221
5213 5221
5213 5221
5213 5221
5212 5251
5221 5251
5221 5251
5221 5237
5224 5226
5221 5237
5226 5229
5221 5229
5221 5237
5229 5237
5230 5232
5221 5235
5232 5235
5232 5235
5212 5237
5235 5237
5212 5248
5237 5241
5237 5241
5237 5241
5237 5248
5241 5248
5241 5246
5241 5246
5241 5246
5212 5248
5246 5248
5191 5251
5248 5251
5248 5251
5191 5288
5251 5255
5251 5255
5251 5255
5251 5258
5255 5257
5251 5258
5251 5279
5258 5265
5258 5265
5258 5265
5258 5265
5262 5265
5262 5265
5251 5279
5265 5272
5265 5272
5267 5272
5265 5272
5265 5272
5265 5272
5251 5279
5272 5275
5272 5275
5272 5279
5275 5279
5275 5279
5272 5279
5251 5288
5279 5283
5279 5283
5279 5283
5279 5288
5283 5288
5283 5288
5283 5288
5283 5288
4929 5414
5288 5290
5288 5293
5290 5293
5288 5293
5288 5301
5293 5296
5293 5296
5288 5301
5296 5301
5296 5301
5296 5301
5296 5301
5288 5414
5301 5304
5301 5304
5301 5319
5304 5307
5304 5307
5301 5319
5307 5311
5301 5311
5301 5311
5301 5319
5311 5319
5311 5314
5311 5319
5314 5316
5301 5319
5316 5318
5301 5319
5288 5414
5319 5338
5319 5326
5319 5323
5319 5324
5319 5326
5319 5326
5319 5338
5326 5328
5319 5335
5319 5335
5319 5335
5330 5335
5330 5335
5319 5335
5333 5335
5319 5338
5335 5338
5335 5338
5288 5414
5338 5340
5288 5414
5340 5342
5340 5351
5342 5344
5342 5351
5342 5351
5345 5349
5342 5349
5342 5349
5340 5351
5349 5351
5288 5414
5351 5353
5351 5395
5353 5360
5353 5360
5353 5358
5351 5358
5351 5360
5351 5360
5351 5395
5360 5363
5360 5363
5360 5375
5360 5375
5360 5375
5365 5375
5360 5375
5360 5375
5360 5375
5360 5371
5360 5375
5371 5375
5360 5375
5351 5375
5351 5395
5375 5395
5376 5381
5376 5381
5376 5380
5376 5381
5376 5395
5381 5383
5381 5384
5376 5395
5384 5390
5384 5387
5384 5390
5384 5389
5375 5390
5351 5395
5390 5394
5390 5394
5390 5394
5288 5395
5288 5414
5395 5397
5395 5408
5397 5408
5397 5408
5397 5401
5397 5408
5401 5408
5397 5408
5395 5408
5395 5408
5395 5408
5406 5408
5288 5414
5408 5410
5408 5414
5410 5414
5410 5414
5410 5414
4757 6122
5414 5418
5414 5418
5416 5418
5414 5424
5418 5421
5418 5421
5418 5424
5421 5424
5421 5424
5414 5445
5424 5427
5424 5427
5424 5445
5427 5434
5427 5431
5427 5431
5427 5434
5431 5433
5424 5434
5424 5445
5434 5436
5434 5445
5436 5438
5436 5439
5436 5445
5439 5441
5436 5445
5441 5445
5441 5445
5441 5445
5414 6122
5445 5447
5445 5466
5447 5449
5445 5466
5445 5452
5445 5452
5445 5466
5452 5454
5445 5459
5445 5459
5445 5459
5456 5459
5457 5459
5445 5466
5459 5466
5459 5466
5459 5466
5459 5466
5459 5466
5459 5466
5414 6122
5466 5473
5466 5473
5466 5473
5466 5473
5466 5473
5466 5473
5466 5478
5473 5478
5473 5478
5473 5478
5473 5478
5466 5512
5478 5483
5478 5483
5478 5483
5478 5483
5478 5512
5483 5487
5483 5486
5483 5487
5478 5512
5487 5491
5487 5490
5478 5491
5478 5497
5491 5494
5491 5494
5478 5497
5494 5496
5478 5497
5466 5512
5497 5500
5498 5500
5466 5512
5500 5512
5500 5504
5500 5504
5500 5512
5504 5510
5504 5510
5504 5510
5504 5510
5504 5510
5466 5512
5510 5512
5414 6122
5512 5646
5513 5515
5512 5576
5512 5525
5512 5525
5517 5522
5512 5522
5512 5522
5512 5522
5512 5525
5522 5525
5512 5525
5512 5547
5525 5528
5526 5528
5512 5547
5528 5533
5528 5533
5528 5532
5528 5533
5512 5535
5533 5535
5512 5547
5535 5537
5535 5541
5535 5540
5535 5540
5512 5541
5512 5547
5541 5545
5542 5545
5541 5545
5512 5547
5545 5547
5512 5576
5547 5552
5547 5552
5547 5552
5547 5552
5547 5567
5552 5567
5553 5558
5552 5556
5552 5558
5552 5558
5547 5567
5558 5567
5558 5567
5558 5567
5558 5567
5558 5567
5558 5567
5558 5567
5558 5567
5512 5576
5567 5576
5568 5570
5567 5576
5570 5572
5567 5576
5572 5576
5567 5576
5574 5576
5512 5646
5576 5578
5576 5599
5578 5581
5578 5581
5576 5593
5581 5593
5582 5585
5582 5585
5576 5587
5585 5587
5576 5593
5587 5593
5587 5593
5587 5593
5587 5593
5587 5593
5576 5599
5593 5599
5593 5596
5593 5599
5593 5599
5597 5599
5512 5646
5599 5602
5599 5602
5599 5646
5602 5604
5602 5607
5604 5607
5604 5607
5599 5617
5607 5611
5607 5610
5607 5611
5599 5617
5611 5617
5611 5617
5611 5617
5614 5617
5611 5617
5599 5646
5617 5621
5617 5621
5617 5621
5599 5646
5621 5623
5621 5631
5623 5627
5623 5626
5621 5627
5621 5628
5621 5631
5621 5631
5629 5631
5512 5646
5631 5633
5631 5635
5631 5635
5631 5646
5635 5639
5635 5638
5631 5639
5631 5646
5639 5641
5631 5646
5641 5643
5631 5646
5643 5646
5643 5646
5414 5720
5646 5648
5646 5660
5646 5651
5646 5651
5646 5660
5646 5660
5652 5660
5652 5655
5646 5660
5655 5660
5646 5660
5657 5660
5657 5660
5646 5720
5660 5667
5660 5667
5660 5664
5660 5667
5660 5667
5665 5667
5646 5720
5667 5670
5667 5670
5667 5675
5670 5672
5667 5675
5672 5675
5672 5675
5646 5692
5675 5677
5675 5692
5675 5679
5675 5692
5675 5686
5680 5686
5680 5684
5675 5684
5675 5686
5684 5686
5675 5692
5686 5688
5686 5692
5688 5692
5686 5692
5690 5692
5646 5720
5692 5720
5693 5720
5693 5696
5693 5706
5693 5699
5693 5699
5693 5706
5693 5706
5693 5706
5693 5706
5693 5704
5693 5706
5693 5706
5693 5720
5693 5720
5707 5720
5708 5710
5707 5712
5707 5712
5707 5720
5707 5720
5713 5720
5713 5716
5713 5720
5716 5720
5716 5720
5713 5720
5414 6122
5720 5724
5720 5724
5720 5724
5720 5728
5720 5728
5725 5728
5720 5728
5720 5768
5728 5738
5728 5731
5728 5738
5728 5738
5732 5738
5728 5738
5728 5738
5735 5738
5728 5738
5720 5747
5738 5742
5738 5742
5740 5742
5738 5747
5742 5747
5742 5747
5742 5747
5745 5747
5720 5768
5747 5749
5747 5751
5749 5751
5747 5768
5751 5768
5751 5754
5751 5768
5751 5758
5755 5758
5751 5758
5747 5768
5758 5768
5758 5764
5758 5764
5758 5764
5758 5764
5747 5768
5764 5768
5764 5768
5766 5768
5720 5862
5768 5778
5768 5772
5768 5772
5768 5778
5768 5774
5768 5778
5774 5776
5768 5778
5768 5778
5768 5862
5778 5788
5778 5788
5780 5782
5778 5785
5778 5785
5778 5785
5778 5788
5778 5788
5786 5788
5778 5793
5788 5790
5768 5793
5790 5793
5790 5793
5768 5797
5793 5797
5793 5797
5793 5797
5768 5862
5797 5800
5797 5800
5797 5802
5800 5802
5797 5862
5802 5807
5802 5807
5804 5807
5802 5807
5768 5862
5807 5809
5807 5862
5809 5812
5809 5812
5809 5817
5812 5814
5807 5817
5814 5817
5814 5817
5807 5862
5817 5820
5818 5820
5807 5862
5820 5822
5820 5829
5822 5824
5820 5826
5824 5826
5820 5829
5826 5828
5820 5829
5807 5836
5829 5832
5829 5832
5829 5836
5832 5834
5829 5836
5834 5836
5768 5862
5836 5838
5836 5848
5838 5842
5838 5842
5836 5842
5836 5848
5836 5848
5843 5848
5844 5846
5843 5848
5836 5848
5768 5862
5848 5852
5848 5851
5848 5852
5848 5862
5852 5854
5848 5862
5854 5856
5848 5862
5856 5862
5848 5862
5858 5862
5848 5862
5860 5862
4757 6122
5862 5867
5862 5867
5862 5867
5862 5867
5862 6122
5867 5879
5868 5872
5867 5872
5867 5872
5867 5879
5872 5875
5872 5875
5872 5879
5867 5879
5876 5879
5876 5879
5867 5901
5879 5901
5880 5882
5879 5883
5879 5888
5883 5885
5883 5888
5885 5888
5883 5888
5867 5901
5888 5892
5888 5892
5888 5892
5888 5901
5892 5894
5888 5901
5894 5901
5894 5901
5896 5898
5888 5901
5898 5901
5898 5901
5867 5986
5901 5903
5901 5912
5903 5905
5901 5912
5905 5907
5901 5912
5907 5909
5901 5912
5901 5912
5901 5912
5901 5922
5912 5916
5912 5916
5912 5916
5901 5922
5916 5920
5916 5920
5916 5920
5901 5922
5920 5922
5901 5941
5922 5924
5922 5932
5922 5926
5922 5932
5922 5932
5927 5929
5922 5932
5929 5932
5929 5932
5901 5941
5932 5935
5932 5935
5932 5941
5935 5941
5935 5941
5935 5939
5932 5941
5939 5941
5867 5986
5941 5943
5941 5949
5943 5949
5941 5949
5941 5947
5941 5949
5947 5949
5941 5973
5949 5955
5949 5952
5949 5955
5952 5955
5949 5955
5949 5973
5955 5957
5955 5959
5957 5959
5949 5973
5959 5961
5959 5964
5961 5964
5959 5964
5949 5967
5964 5967
5965 5967
5949 5973
5967 5969
5967 5973
5969 5973
5967 5973
5967 5973
5862 5986
5973 5986
5974 5978
5974 5978
5974 5978
5973 5986
5978 5986
5978 5986
5978 5986
5981 5986
5978 5984
5978 5986
5978 5986
5862 6122
5986 5992
5986 5992
5986 5990
5986 5992
5986 5992
5986 6122
5992 5995
5992 5995
5992 5996
5992 6012
5996 6001
5996 6001
5992 6001
5992 6001
5992 6012
6001 6012
6002 6012
6001 6006
6001 6006
5992 6012
5992 6008
5992 6012
6008 6012
6008 6012
5992 6012
5992 6028
6012 6024
6012 6017
6012 6017
6012 6017
6012 6024
6017 6024
6017 6024
6019 6024
6019 6024
6017 6024
6017 6024
5986 6028
6024 6028
6025 6028
6024 6028
5986 6122
6028 6041
6028 6041
6030 6032
6030 6035
6032 6035
6030 6035
6028 6041
6035 6038
6036 6038
6028 6041
6038 6041
6028 6041
6028 6122
6041 6043
6041 6122
6043 6057
6043 6053
6043 6053
6043 6053
6043 6053
6043 6053
6049 6051
6043 6053
6051 6053
6043 6057
6053 6057
6053 6057
6053 6057
6028 6122
6057 6059
6057 6068
6059 6061
6059 6063
6059 6063
6057 6068
6063 6068
6063 6068
6063 6068
6066 6068
6028 6122
6068 6070
6068 6074
6070 6072
6068 6074
6068 6074
6068 6122
6074 6076
6074 6122
6076 6078
6076 6079
6074 6083
6079 6083
6079 6083
6074 6083
6074 6106
6083 6088
6083 6088
6085 6087
6083 6088
6074 6106
6088 6091
6088 6091
6088 6102
6091 6098
6091 6098
6093 6098
6093 6098
6093 6098
6088 6098
6068 6102
6098 6100
6098 6102
6100 6102
5986 6106
6102 6106
6102 6106
6102 6106
5986 6122
6106 6122
6106 6109
6106 6122
6106 6112
6106 6112
6106 6119
6112 6119
6106 6119
6106 6119
6106 6119
6116 6118
6106 6119
6106 6122
6119 6122
6119 6122
1378 -1
6122 6124
6122 6128
6124 6128
6122 6128
6122 6128
6122 6192
6128 6130
6128 6192
6130 6132
6128 6192
6132 6136
6132 6136
6132 6136
6128 6160
6122 6160
6137 6139
6122 6160
6139 6154
6122 6154
6141 6154
6141 6145
6141 6145
6122 6154
6122 6154
6146 6148
6146 6154
6146 6152
6146 6152
6122 6152
6122 6154
6152 6154
6122 6160
6154 6156
6154 6157
6154 6160
6157 6160
6157 6160
6122 6167
6160 6164
6160 6164
6160 6164
6160 6167
6164 6167
6164 6167
6122 6192
6167 6169
6167 6192
6167 6192
6167 6192
6167 6174
6172 6174
6167 6192
6174 6181
6167 6181
6167 6181
6177 6179
6167 6181
6167 6181
6167 6192
6181 6183
6181 6187
6183 6187
6181 6187
6181 6187
6122 6192
6187 6192
6187 6192
6187 6192
6187 6192
6122 6864
6192 6196
6192 6196
6192 6196
6192 6199
6196 6199
6196 6199
6192 6229
6199 6217
6200 6202
6199 6208
6202 6205
6199 6205
6199 6208
6205 6208
6206 6208
6192 6217
6208 6210
6192 6217
6210 6217
6211 6217
6211 6217
6211 6217
6211 6217
6211 6217
6192 6229
6217 6229
6218 6220
6217 6229
6217 6229
6221 6229
6221 6227
6217 6227
6217 6227
6225 6227
6217 6229
6227 6229
6192 6317
6229 6231
6229 6236
6229 6236
6232 6236
6232 6236
6229 6236
6229 6317
6236 6259
6237 6241
6237 6241
6236 6241
6236 6254
6241 6248
6241 6248
6241 6246
6241 6246
6229 6248
6246 6248
6229 6254
6248 6251
6248 6251
6229 6254
6251 6254
6251 6254
6229 6259
6254 6259
6254 6259
6254 6259
6254 6259
6229 6317
6259 6261
6259 6270
6259 6270
6259 6270
6259 6270
6264 6266
6259 6270
6259 6270
6267 6270
6259 6270
6259 6282
6270 6272
6270 6273
6259 6282
6273 6278
6273 6278
6273 6277
6273 6278
6273 6282
6278 6282
6278 6282
6278 6282
6229 6317
6282 6304
6282 6287
6282 6286
6282 6287
6282 6290
6287 6290
6287 6290
6282 6304
6290 6293
6290 6293
6282 6304
6293 6295
6282 6304
6295 6304
6296 6298
6295 6304
6298 6300
6282 6304
6300 6304
6300 6304
6300 6304
6192 6317
6304 6306
6304 6317
6306 6313
6306 6313
6304 6313
6304 6313
6304 6313
6304 6313
6304 6317
6313 6317
6313 6317
6315 6317
6122 6864
6317 6320
6317 6320
6317 6322
6320 6322
6317 6336
6322 6324
6317 6336
6324 6328
6324 6328
6324 6328
6317 6336
6328 6330
6328 6336
6330 6336
6328 6336
6328 6334
6328 6336
6317 6336
6317 6403
6336 6338
6336 6354
6338 6340
6336 6341
6336 6354
6341 6343
6336 6354
6343 6349
6336 6349
6336 6349
6336 6349
6347 6349
6336 6354
6349 6354
6350 6354
6350 6354
6350 6354
6317 6403
6354 6358
6354 6358
6354 6358
6354 6403
6358 6367
6358 6361
6354 6367
6354 6364
6362 6364
6354 6367
6364 6367
6364 6367
6354 6403
6367 6369
6367 6374
6369 6374
6369 6374
6367 6374
6367 6374
6354 6377
6374 6377
6374 6377
6354 6403
6377 6383
6377 6381
6377 6381
6377 6383
6381 6383
6317 6403
6383 6390
6383 6390
6383 6390
6383 6390
6383 6390
6383 6390
6317 6403
6390 6403
6390 6396
6390 6396
6390 6396
6390 6396
6390 6403
6390 6400
6390 6400
6398 6400
6317 6403
6400 6402
6317 6403
6122 6576
6403 6408
6403 6408
6403 6408
6403 6408
6403 6424
6408 6410
6408 6414
6408 6414
6408 6414
6408 6414
6408 6422
6414 6422
6414 6422
6414 6418
6408 6422
6408 6422
6419 6422
6420 6422
6403 6424
6422 6424
6403 6576
6424 6426
6424 6436
6424 6436
6427 6436
6424 6436
6424 6436
6424 6436
6424 6436
6424 6434
6424 6436
6434 6436
6424 6454
6436 6441
6436 6441
6438 6441
6436 6441
6424 6454
6441 6443
6441 6445
6443 6445
6441 6448
6445 6447
6441 6448
6424 6454
6448 6454
6449 6451
6448 6454
6451 6453
6448 6454
6424 6576
6454 6459
6454 6459
6454 6458
6454 6459
6454 6498
6459 6463
6459 6463
6459 6463
6454 6498
6463 6469
6464 6466
6464 6469
6466 6469
6464 6469
6454 6498
6469 6471
6469 6476
6471 6473
6469 6476
6473 6476
6473 6476
6454 6498
6476 6498
6476 6498
6478 6483
6476 6483
6476 6482
6476 6483
6476 6484
6476 6498
6484 6488
6484 6488
6484 6488
6476 6498
6488 6498
6488 6498
6488 6493
6488 6493
6488 6498
6493 6495
6476 6498
6495 6498
6476 6498
6424 6576
6498 6501
6498 6501
6498 6528
6501 6503
6498 6528
6498 6528
6504 6506
6498 6521
6498 6512
6498 6512
6498 6512
6498 6512
6510 6512
6498 6521
6512 6514
6498 6521
6514 6521
6514 6521
6514 6521
6498 6521
6518 6521
6519 6521
6498 6528
6521 6528
6522 6524
6521 6528
6524 6528
6521 6528
6526 6528
6403 6576
6528 6534
6528 6534
6528 6534
6528 6534
6528 6534
6528 6576
6534 6536
6534 6543
6534 6543
6534 6540
6534 6540
6534 6543
6540 6543
6534 6543
6534 6544
6528 6551
6544 6547
6544 6547
6544 6551
6547 6549
6547 6551
6549 6551
6528 6576
6551 6557
6551 6557
6551 6555
6551 6557
6555 6557
6551 6561
6557 6561
6557 6561
6557 6561
6528 6576
6561 6565
6562 6565
6561 6565
6528 6576
6565 6576
6565 6576
6565 6576
6565 6576
6565 6576
6570 6576
6565 6576
6565 6576
6565 6576
6574 6576
6122 6864
6576 6578
6576 6599
6576 6591
6579 6581
6576 6587
6581 6583
6576 6587
6583 6586
6583 6586
6576 6587
6576 6591
6587 6589
6587 6591
6589 6591
6576 6599
6591 6593
6591 6595
6591 6595
6576 6599
6595 6599
6596 6599
6596 6599
6576 6615
6599 6603
6599 6603
6599 6603
6599 6615
6603 6608
6603 6606
6603 6608
6603 6608
6603 6609
6599 6615
6609 6613
6609 6612
6609 6613
6576 6615
6613 6615
6576 6639
6615 6617
6615 6618
6615 6619
6615 6620
6615 6626
6620 6626
6620 6626
6622 6626
6620 6626
6615 6626
6615 6639
6626 6639
6626 6629
6626 6639
6629 6632
6629 6632
6626 6639
6626 6634
6626 6639
6634 6636
6615 6639
6636 6639
6636 6639
6576 6864
6639 6641
6639 6661
6639 6643
6639 6661
6643 6645
6639 6652
6639 6647
6639 6652
6647 6649
6639 6652
6639 6652
6639 6652
6639 6661
6652 6661
6653 6655
6652 6658
6655 6658
6652 6658
6639 6661
6658 6661
6658 6661
6576 6864
6661 6666
6661 6666
6661 6666
6661 6666
6661 6670
6666 6670
6666 6670
6666 6670
6661 6674
6670 6674
6670 6674
6670 6674
6661 6690
6674 6676
6674 6680
6676 6680
6674 6680
6674 6680
6674 6682
6680 6682
6661 6690
6682 6690
6683 6690
6683 6687
6682 6687
6682 6690
6682 6690
6682 6690
6576 6864
6690 6692
6690 6695
6692 6695
6690 6695
6690 6698
6695 6698
6695 6698
6690 6712
6698 6700
6698 6703
6698 6703
6698 6703
6698 6712
6703 6712
6703 6709
6698 6709
6706 6709
6707 6709
6690 6712
6690 6712
6710 6712
6576 6747
6712 6716
6713 6715
6712 6716
6712 6747
6716 6719
6716 6719
6716 6725
6716 6725
6716 6725
6716 6724
6722 6724
6712 6725
6712 6747
6725 6727
6725 6747
6727 6732
6727 6732
6727 6732
6727 6732
6712 6740
6732 6735
6733 6735
6732 6740
6735 6737
6735 6740
6737 6740
6735 6740
6712 6747
6740 6743
6740 6743
6740 6747
6743 6747
6743 6747
6743 6747
6576 6864
6747 6758
6747 6750
6747 6753
6747 6753
6747 6753
6747 6758
6753 6758
6753 6758
6755 6758
6753 6758
6747 6864
6758 6760
6758 6763
6758 6763
6758 6763
6758 6765
6763 6765
6758 6815
6765 6769
6766 6769
6765 6769
6758 6815
6769 6771
6769 6786
6769 6775
6769 6775
6773 6775
6769 6786
6775 6786
6775 6786
6775 6786
6775 6786
6775 6786
6780 6783
6775 6783
6769 6786
6783 6786
6784 6786
6747 6815
6786 6788
6786 6809
6788 6790
6788 6809
6790 6809
6791 6793
6788 6800
6793 6795
6786 6800
6795 6797
6786 6800
6797 6800
6797 6800
6786 6809
6800 6803
6800 6803
6786 6807
6803 6805
6786 6807
6805 6807
6747 6809
6807 6809
6747 6815
6809 6814
6809 6814
6809 6814
6809 6814
6809 6815
6576 6842
6815 6818
6815 6818
6815 6842
6818 6821
6815 6821
6815 6822
6815 6842
6822 6825
6822 6825
6815 6836
6815 6836
6826 6828
6826 6830
6815 6830
6815 6834
6830 6834
6815 6834
6832 6834
6815 6836
6834 6836
6815 6842
6836 6842
6836 6842
6836 6840
6836 6842
6836 6842
6576 6864
6842 6844
6842 6864
6842 6864
6845 6849
6845 6849
6847 6849
6842 6864
6849 6852
6849 6852
6842 6864
6852 6864
6852 6855
6852 6858
6852 6858
6856 6858
6852 6864
6858 6864
6858 6864
6858 6864
6858 6864
6858 6864
6122 7092
6864 6866
6864 6871
6864 6871
6864 6871
6864 6871
6864 6871
6864 6878
6871 6878
6871 6878
6871 6878
6871 6878
6875 6878
6871 6878
6864 6898
6878 6898
6878 6881
6878 6882
6878 6898
6882 6890
6882 6890
6882 6890
6882 6890
6882 6890
6882 6890
6882 6890
6864 6898
6890 6892
6890 6898
6892 6894
6892 6898
6894 6898
6892 6898
6890 6898
6864 7092
6898 6905
6898 6905
6898 6905
6898 6905
6898 6905
6898 6905
6898 7039
6905 6912
6905 6912
6905 6912
6905 6910
6905 6912
6905 6912
6905 6925
6912 6918
6912 6918
6912 6918
6912 6918
6912 6918
6898 6925
6918 6920
6918 6925
6920 6923
6920 6923
6918 6925
6923 6925
6898 7039
6925 6928
6925 6928
6925 6936
6928 6930
6928 6932
6928 6932
6925 6936
6932 6936
6933 6936
6925 6936
6925 6971
6936 6941
6936 6939
6936 6941
6936 6941
6925 6971
6941 6953
6942 6946
6942 6945
6941 6946
6941 6953
6946 6950
6946 6950
6946 6950
6925 6953
6950 6953
6950 6953
6925 6971
6953 6955
6953 6971
6955 6957
6955 6971
6957 6962
6957 6962
6957 6962
6955 6962
6955 6971
6962 6964
6955 6971
6964 6967
6964 6967
6955 6971
6967 6969
6953 6971
6969 6971
6864 7039
6971 6974
6971 6974
6971 6977
6974 6976
6971 6977
6971 6988
6977 6980
6977 6980
6977 6988
6980 6985
6980 6985
6980 6985
6980 6985
6971 6988
6985 6988
6985 6988
6971 7039
6988 6998
6988 6998
6990 6992
6988 6998
6988 6998
6993 6998
6994 6996
6988 6998
6996 6998
6864 7039
6998 7006
6998 7002
6998 7002
6998 7006
6998 7006
7003 7005
6998 7006
6998 7008
7006 7008
6998 7039
7008 7010
7008 7039
7010 7012
7008 7014
7008 7014
7008 7018
7014 7018
7014 7018
7014 7018
6998 7039
6998 7039
7019 7022
7019 7022
6998 7039
7022 7026
7022 7025
7022 7026
6998 7039
7026 7030
7026 7030
7026 7030
6998 7039
7030 7032
7030 7039
7032 7039
7032 7037
7032 7037
7032 7037
6864 7039
7037 7039
6864 7092
7039 7042
7039 7042
7039 7069
7042 7056
7042 7045
7042 7046
7039 7047
7039 7056
7047 7056
7039 7056
7049 7051
7039 7056
7051 7056
7039 7056
7039 7056
7054 7056
7039 7069
7039 7069
7057 7069
7058 7060
7057 7069
7060 7069
7057 7069
7057 7064
7057 7069
7064 7069
7065 7069
7064 7069
7064 7069
7039 7092
7069 7071
7069 7076
7071 7073
7069 7076
7073 7075
7069 7076
7069 7092
7076 7092
7076 7080
7076 7080
7076 7085
7080 7082
7076 7085
7082 7085
7076 7085
7069 7092
7085 7092
7085 7092
7085 7092
7085 7092
7089 7092
7089 7092
6122 -1
7092 7094
7092 7096
7094 7096
7092 7194
7096 7102
7096 7099
7096 7102
7099 7102
7096 7102
7096 7118
7102 7111
7102 7111
7102 7111
7105 7111
7102 7111
7102 7111
7096 7111
7096 7111
7092 7118
7111 7113
7111 7114
7111 7118
7114 7116
7111 7118
7116 7118
7092 7140
7118 7120
7118 7132
7120 7124
7118 7124
7118 7124
7118 7132
7118 7132
7125 7127
7118 7132
7127 7132
7127 7132
7127 7132
7118 7132
7092 7140
7132 7140
7132 7135
7132 7140
7132 7140
7136 7140
7132 7140
7132 7140
7092 7194
7140 7146
7140 7146
7142 7146
7140 7146
7140 7146
7140 7194
7146 7157
7147 7149
7146 7151
7149 7151
7146 7152
7146 7154
7152 7154
7140 7157
7154 7157
7154 7157
7140 7194
7157 7163
7157 7163
7157 7161
7157 7163
7157 7163
7157 7166
7163 7166
7164 7166
7140 7177
7166 7175
7166 7175
7166 7175
7166 7175
7166 7175
7166 7175
7166 7175
7166 7175
7140 7177
7175 7177
7092 7194
7177 7183
7177 7180
7177 7183
7177 7183
7181 7183
7177 7192
7183 7185
7183 7192
7183 7189
7183 7189
7183 7189
7177 7192
7189 7192
7190 7192
7092 7194
7092 7194
7092 7529
7194 7196
7194 7200
7194 7200
7194 7200
7194 7200
7194 7336
7200 7203
7200 7203
7200 7215
7203 7205
7200 7207
7205 7207
7200 7215
7207 7215
7208 7211
7208 7211
7200 7215
7200 7215
7212 7215
7194 7215
7194 7336
7215 7217
7215 7218
7215 7219
7215 7225
7219 7222
7219 7222
7219 7223
7219 7225
7223 7225
7194 7246
7225 7230
7226 7230
7226 7230
7225 7230
7225 7246
7230 7232
7230 7240
7230 7234
7230 7235
7230 7240
7230 7240
7236 7238
7230 7240
7238 7240
7194 7246
7240 7242
7240 7246
7242 7246
7242 7246
7242 7246
7194 7336
7246 7248
7246 7253
7246 7253
7246 7253
7246 7253
7246 7253
7246 7269
7253 7255
7253 7269
7255 7260
7255 7260
7255 7260
7253 7260
7253 7269
7260 7269
7260 7269
7260 7265
7263 7265
7246 7269
7265 7267
7265 7269
7267 7269
7194 7336
7269 7274
7269 7274
7269 7274
7269 7274
7269 7275
7269 7282
7275 7277
7275 7282
7275 7282
7275 7280
7269 7282
7280 7282
7194 7336
7282 7288
7282 7285
7282 7288
7285 7288
7282 7288
7282 7296
7288 7296
7288 7291
7288 7296
7282 7296
7292 7294
7282 7296
7294 7296
7282 7336
7296 7298
7296 7301
7298 7301
7298 7301
7282 7307
7301 7303
7301 7307
7303 7307
7301 7307
7301 7307
7282 7336
7307 7309
7307 7336
7309 7311
7309 7313
7311 7313
7307 7336
7313 7317
7313 7317
7313 7317
7307 7336
7317 7319
7317 7322
7317 7321
7317 7322
7317 7336
7317 7324
7317 7336
7324 7328
7324 7328
7324 7328
7282 7336
7328 7331
7328 7331
7328 7333
7331 7333
7194 7336
7333 7336
7333 7336
7092 7399
7336 7339
7336 7339
7336 7342
7336 7342
7340 7342
7336 7347
7336 7347
7343 7347
7343 7347
7345 7347
7336 7388
7347 7350
7347 7350
7347 7388
7350 7352
7350 7353
7347 7388
7347 7388
7354 7356
7354 7359
7356 7358
7354 7359
7347 7388
7347 7388
7360 7366
7360 7366
7360 7366
7360 7366
7347 7366
7347 7388
7366 7388
7366 7370
7366 7370
7366 7388
7370 7374
7370 7374
7372 7374
7347 7388
7374 7388
7375 7388
7375 7388
7377 7388
7377 7381
7375 7381
7374 7388
7381 7384
7382 7384
7347 7388
7384 7388
7384 7388
7384 7388
7092 7399
7388 7394
7388 7394
7388 7394
7388 7394
7388 7394
7388 7399
7394 7396
7394 7399
7396 7399
7394 7399
7092 7529
7399 7405
7399 7405
7399 7403
7399 7405
7403 7405
7399 7406
7399 7431
7406 7408
7406 7411
7408 7411
7406 7411
7399 7431
7411 7413
7411 7415
7411 7415
7411 7431
7415 7417
7415 7431
7417 7421
7415 7421
7415 7421
7411 7431
7421 7427
7421 7424
7421 7427
7424 7427
7424 7427
7411 7431
7399 7431
7428 7431
7428 7431
7399 7529
7431 7434
7431 7434
7431 7442
7434 7436
7431 7442
7436 7442
7431 7442
7438 7442
7438 7442
7431 7442
7431 7529
7442 7500
7442 7450
7444 7446
7442 7447
7442 7450
7447 7450
7448 7450
7442 7500
7450 7467
7451 7453
7450 7467
7453 7455
7450 7467
7455 7457
7450 7460
7457 7460
7450 7460
7450 7467
7450 7467
7461 7463
7461 7467
7461 7467
7464 7467
7442 7467
7431 7477
7467 7469
7467 7470
7467 7477
7470 7477
7471 7475
7471 7475
7470 7475
7467 7477
7475 7477
7431 7500
7477 7485
7477 7480
7477 7482
7480 7482
7477 7485
7477 7485
7477 7485
7477 7500
7485 7487
7485 7488
7485 7500
7485 7500
7489 7494
7489 7494
7489 7494
7485 7494
7485 7500
7494 7500
7494 7500
7494 7500
7497 7500
7494 7500
7431 7529
7500 7502
7500 7505
7500 7505
7500 7505
7500 7511
7505 7511
7506 7511
7500 7511
7508 7511
7500 7511
7500 7529
7511 7514
7511 7514
7511 7529
7514 7518
7514 7517
7511 7518
7511 7529
7518 7529
7518 7521
7511 7522
7511 7529
7511 7524
7511 7529
7524 7527
7524 7527
7511 7529
7511 7529
7092 8521
7529 7531
7529 7535
7531 7535
7531 7535
7529 7535
7529 7568
7535 7539
7535 7539
7535 7539
7535 7546
7535 7546
7540 7546
7535 7546
7535 7546
7535 7546
7535 7546
7535 7568
7546 7549
7546 7549
7546 7551
7546 7551
7535 7561
7551 7554
7551 7554
7529 7561
7554 7561
7555 7557
7554 7561
7557 7561
7554 7561
7554 7561
7529 7568
7561 7568
7562 7564
7561 7568
7564 7568
7564 7568
7564 7568
7529 7630
7568 7570
7568 7575
7568 7575
7571 7573
7568 7575
7573 7575
7568 7591
7575 7578
7575 7578
7568 7591
7578 7580
7578 7588
7578 7588
7578 7588
7578 7588
7578 7585
7578 7588
7578 7588
7586 7588
7568 7591
7588 7590
7588 7591
7529 7630
7591 7596
7591 7596
7591 7596
7591 7596
7591 7616
7596 7598
7591 7616
7598 7600
7598 7605
7598 7605
7598 7605
7598 7605
7591 7605
7591 7616
7605 7607
7591 7616
7607 7611
7607 7611
7607 7611
7591 7616
7611 7613
7591 7616
7613 7616
7613 7616
7591 7630
7616 7630
7616 7620
7616 7620
7616 7630
7620 7622
7616 7630
7616 7630
7616 7630
7616 7629
7625 7627
7616 7629
7627 7629
7591 7630
7529 7945
7630 7632
7630 7639
7630 7635
7630 7635
7630 7639
7635 7637
7630 7639
7637 7639
7630 7650
7639 7645
7639 7645
7639 7644
7639 7644
7639 7645
7630 7650
7645 7650
7645 7650
7645 7650
7648 7650
7630 7654
7650 7652
7650 7654
7652 7654
7630 7697
7654 7658
7655 7658
7654 7658
7654 7697
7658 7664
7659 7661
7658 7664
7658 7664
7658 7664
7654 7697
7664 7676
7664 7667
7664 7670
7664 7670
7664 7670
7664 7676
7664 7673
7671 7673
7654 7676
7673 7676
7673 7676
7654 7688
7676 7679
7676 7679
7676 7688
7679 7681
7654 7688
7681 7688
7682 7688
7682 7688
7681 7688
7681 7688
7681 7688
7630 7697
7688 7693
7688 7693
7688 7693
7688 7693
7688 7695
7693 7695
7630 7697
7695 7697
7630 7797
7697 7700
7697 7700
7697 7710
7697 7710
7701 7710
7701 7710
7701 7710
7704 7706
7697 7710
7697 7710
7707 7710
7697 7710
7697 7797
7710 7715
7710 7713
7710 7715
7710 7715
7710 7797
7715 7717
7715 7719
7715 7719
7715 7736
7719 7721
7715 7736
7721 7736
7722 7727
7722 7727
7722 7727
7722 7727
7710 7736
7727 7733
7727 7733
7727 7733
7727 7733
7727 7733
7710 7736
7733 7736
7733 7736
7710 7797
7736 7738
7710 7797
7710 7797
7739 7746
7740 7743
7739 7743
7739 7746
7743 7746
7743 7746
7739 7797
7746 7749
7746 7749
7746 7750
7746 7762
7750 7762
7750 7762
7752 7754
7750 7762
7754 7762
7754 7762
7750 7762
7750 7761
7746 7761
7746 7761
7739 7762
7739 7797
7762 7776
7763 7765
7762 7767
7762 7767
7762 7776
7767 7770
7767 7770
7762 7776
7770 7776
7770 7776
7772 7776
7770 7776
7770 7776
7710 7797
7776 7781
7776 7781
7776 7780
7776 7781
7710 7797
7781 7783
7781 7785
7783 7785
7781 7797
7785 7797
7786 7789
7785 7789
7781 7797
7789 7797
7790 7792
7789 7797
7792 7797
7792 7797
7792 7797
7789 7797
7529 7945
7797 7801
7797 7801
7797 7801
7797 7805
7801 7805
7797 7805
7797 7805
7797 7810
7805 7807
7805 7810
7807 7810
7808 7810
7797 7945
7810 7817
7810 7817
7810 7814
7810 7815
7810 7817
7815 7817
7810 7833
7810 7833
7818 7821
7818 7821
7818 7833
7821 7824
7821 7824
7810 7833
7824 7833
7824 7833
7824 7828
7810 7833
7828 7831
7828 7831
7797 7833
7831 7833
7797 7838
7833 7838
7834 7838
7834 7838
7834 7838
7797 7859
7838 7842
7838 7842
7838 7842
7838 7859
7842 7859
7843 7859
7844 7846
7838 7859
7846 7848
7838 7849
7838 7859
7849 7859
7849 7853
7851 7853
7838 7859
7853 7859
7854 7859
7855 7859
7854 7859
7854 7859
7797 7945
7859 7867
7859 7864
7859 7864
7859 7864
7859 7866
7864 7866
7859 7867
7859 7945
7867 7869
7867 7870
7867 7879
7870 7872
7867 7879
7872 7875
7872 7875
7867 7879
7875 7879
7875 7879
7877 7879
7867 7908
7879 7881
7879 7887
7881 7883
7879 7887
7879 7887
7884 7887
7885 7887
7879 7891
7887 7889
7867 7891
7889 7891
7867 7908
7891 7894
7891 7894
7891 7896
7891 7896
7859 7908
7896 7899
7896 7899
7896 7908
7896 7901
7896 7902
7896 7908
7902 7908
7902 7908
7902 7908
7902 7908
7896 7908
7797 7945
7908 7910
7908 7945
7910 7912
7910 7913
7908 7945
7913 7916
7913 7916
7913 7945
7916 7919
7916 7919
7913 7945
7919 7922
7919 7922
7919 7933
7922 7933
7922 7925
7913 7933
7925 7927
7913 7933
7927 7929
7927 7933
7929 7933
7930 7933
7913 7933
7908 7945
7933 7938
7933 7938
7933 7938
7933 7938
7908 7945
7938 7945
7938 7945
7938 7945
7938 7945
7942 7944
7938 7945
7529 8521
7945 7949
7945 7949
7945 7949
7945 7959
7949 7953
7949 7952
7945 7953
7945 7959
7953 7959
7953 7959
7953 7959
7953 7959
7953 7959
7945 7968
7959 7963
7959 7963
7959 7963
7945 7968
7963 7967
7963 7967
7963 7967
7945 7968
7945 8009
7968 7970
7968 7977
7970 7972
7968 7974
7968 7974
7968 7976
7974 7976
7968 7977
7968 7980
7968 7980
7978 7980
7968 8007
7980 7985
7980 7985
7980 7985
7980 7985
7945 8007
7985 7987
7985 7989
7987 7989
7985 7992
7989 7992
7989 7992
7945 8007
7992 7994
7945 8007
7994 7996
7994 8007
7996 8000
7996 8000
7996 8000
7994 8007
8000 8007
8000 8007
8000 8004
7994 8007
8004 8007
8004 8007
7945 8009
8007 8009
7945 8034
8009 8011
8009 8034
8011 8014
8011 8014
8009 8019
8014 8019
8014 8019
8014 8019
8014 8019
8009 8034
8019 8022
8019 8022
8019 8034
8022 8024
8019 8034
8024 8034
8024 8029
8024 8028
8019 8029
8019 8034
8029 8034
8029 8034
8029 8034
8019 8034
7945 8100
8034 8062
8034 8044
8034 8044
8034 8044
8034 8044
8034 8044
8040 8042
8034 8044
8042 8044
8034 8062
8044 8050
8044 8050
8044 8050
8044 8050
8044 8050
8034 8062
8050 8062
8050 8062
8050 8055
8050 8055
8034 8062
8034 8062
8056 8062
8057 8062
8057 8062
8034 8062
8034 8062
8034 8100
8062 8100
8063 8067
8062 8067
8062 8067
8062 8071
8067 8071
8067 8071
8062 8071
8062 8075
8071 8075
8071 8074
8062 8075
8062 8100
8075 8077
8075 8079
8077 8079
8062 8100
8062 8100
8080 8082
8080 8084
8082 8084
8062 8100
8084 8100
8084 8100
8084 8089
8084 8089
8084 8100
8089 8100
8089 8092
8084 8094
8092 8094
8062 8100
8094 8097
8094 8097
8062 8100
8097 8100
8097 8100
7529 8521
8100 8102
8100 8105
8100 8105
8100 8105
8100 8118
8105 8113
8105 8108
8105 8113
8105 8111
8105 8111
8100 8113
8111 8113
8100 8118
8113 8117
8114 8116
8113 8117
8100 8118
8100 8135
8118 8124
8118 8124
8118 8124
8118 8124
8118 8124
8100 8135
8124 8135
8124 8127
8124 8135
8124 8129
8124 8135
8129 8135
8124 8133
8124 8133
8124 8135
8133 8135
8100 8164
8135 8141
8135 8138
8135 8141
8135 8141
8135 8141
8135 8164
8141 8143
8141 8146
8135 8146
8144 8146
8135 8164
8146 8149
8146 8149
8135 8164
8149 8152
8149 8152
8149 8164
8152 8154
8135 8164
8154 8160
8154 8160
8154 8158
8154 8160
8158 8160
8135 8164
8160 8163
8160 8163
8100 8164
8100 8219
8164 8168
8164 8167
8164 8168
8164 8170
8168 8170
8164 8178
8170 8172
8170 8178
8172 8178
8173 8178
8170 8178
8170 8178
8170 8178
8164 8182
8178 8180
8178 8182
8180 8182
8164 8219
8182 8184
8182 8219
8184 8219
8185 8187
8185 8195
8184 8195
8184 8191
8182 8191
8182 8195
8182 8195
8192 8194
8182 8195
8182 8219
8195 8200
8195 8200
8195 8200
8195 8200
8182 8219
8200 8208
8200 8204
8200 8204
8200 8208
8204 8208
8205 8207
8200 8208
8182 8212
8208 8210
8208 8212
8210 8212
8182 8219
8212 8219
8212 8218
8212 8218
8215 8218
8212 8218
8182 8219
8100 8521
8219 8222
8220 8222
8219 8230
8222 8225
8222 8225
8222 8230
8225 8230
8225 8230
8225 8230
8225 8230
8219 8521
8230 8233
8230 8233
8230 8238
8233 8238
8233 8238
8230 8238
8230 8238
8230 8250
8238 8240
8238 8250
8240 8243
8240 8243
8238 8250
8243 8245
8238 8250
8245 8250
8246 8248
8230 8250
8230 8250
8230 8367
8250 8256
8250 8256
8250 8256
8250 8256
8250 8256
8250 8274
8256 8265
8256 8259
8256 8262
8259 8262
8256 8262
8250 8265
8262 8265
8262 8265
8250 8274
8265 8274
8266 8269
8265 8269
8265 8274
8269 8274
8269 8274
8269 8274
8272 8274
8250 8326
8274 8277
8274 8277
8274 8293
8274 8279
8274 8293
8279 8281
8274 8293
8281 8283
8274 8287
8283 8287
8283 8287
8274 8287
8274 8293
8287 8293
8287 8293
8287 8293
8290 8293
8287 8293
8250 8326
8293 8295
8293 8299
8295 8299
8293 8299
8293 8299
8293 8305
8299 8305
8299 8305
8299 8303
8299 8305
8303 8305
8293 8326
8305 8308
8305 8308
8305 8315
8305 8315
8309 8311
8305 8312
8305 8315
8312 8315
8312 8315
8219 8326
8315 8326
8315 8319
8315 8319
8315 8326
8315 8322
8315 8322
8315 8326
8322 8326
8322 8326
8324 8326
8219 8367
8326 8367
8327 8351
8327 8333
8327 8333
8327 8333
8327 8333
8326 8351
8333 8351
8333 8351
8333 8351
8326 8344
8326 8344
8326 8344
8326 8344
8326 8344
8326 8344
8326 8344
8326 8351
8344 8351
8344 8351
8344 8351
8347 8351
8344 8351
8344 8351
8326 8367
8351 8367
8352 8356
8352 8356
8351 8356
8351 8358
8356 8358
8351 8367
8358 8367
8359 8367
8358 8363
8358 8363
8358 8367
8363 8365
8358 8367
8365 8367
8100 8521
8367 8372
8367 8372
8367 8372
8367 8372
8367 8427
8372 8378
8372 8378
8372 8378
8372 8378
8372 8378
8367 8427
8378 8383
8378 8383
8378 8383
8381 8383
8367 8427
8383 8385
8383 8388
8383 8388
8383 8388
8383 8397
8388 8393
8388 8393
8388 8393
8383 8393
8383 8397
8393 8397
8393 8397
8393 8397
8367 8427
8397 8401
8397 8400
8397 8401
8397 8427
8401 8412
8401 8412
8401 8405
8401 8412
8401 8412
8406 8412
8406 8412
8401 8410
8401 8412
8410 8412
8367 8427
8412 8416
8412 8416
8412 8416
8412 8427
8416 8427
8416 8427
8416 8421
8412 8421
8412 8427
8421 8427
8421 8427
8421 8427
8412 8427
8425 8427
8367 8521
8427 8430
8427 8430
8427 8431
8427 8443
8431 8433
8427 8443
8433 8435
8433 8443
8435 8443
8435 8438
8427 8443
8438 8443
8427 8443
8427 8443
8427 8443
8427 8521
8443 8445
8443 8473
8445 8448
8443 8448
8443 8451
8448 8451
8448 8451
8443 8473
8451 8454
8451 8454
8443 8462
8454 8456
8454 8457
8443 8462
8457 8462
8457 8462
8457 8462
8457 8462
8443 8473
8462 8473
8462 8473
8462 8467
8462 8467
8462 8473
8467 8469
8462 8470
8462 8473
8470 8472
8470 8473
8367 8521
8473 8475
8473 8521
8475 8477
8473 8478
8473 8488
8478 8481
8478 8481
8473 8488
8481 8488
8481 8488
8481 8485
8473 8488
8473 8488
8486 8488
8473 8521
8488 8497
8489 8491
8488 8497
8491 8494
8488 8494
8488 8497
8494 8497
8494 8497
8473 8521
8497 8499
8497 8521
8499 8501
8499 8503
8501 8503
8497 8506
8503 8506
8503 8506
8473 8521
8506 8521
8507 8510
8506 8510
8506 8521
8510 8513
8506 8513
8506 8521
8513 8521
8514 8517
8514 8517
8506 8521
8506 8521
8518 8521
8518 8521
7092 -1
8521 8529
8521 8525
8521 8525
8521 8529
8525 8529
8525 8529
8521 8529
8521 8548
8529 8531
8529 8533
8529 8533
8529 8535
8533 8535
8521 8548
8535 8548
8535 8548
8535 8539
8535 8548
8535 8548
8540 8543
8540 8543
8521 8548
8543 8545
8543 8548
8545 8548
8546 8548
8521 8561
8548 8550
8548 8552
8548 8552
8548 8561
8552 8554
8548 8561
8548 8561
8555 8557
8548 8561
8557 8561
8557 8561
8557 8561
8521 8677
8561 8565
8561 8565
8561 8565
8561 8566
8561 8608
8566 8568
8566 8571
8566 8571
8566 8571
8566 8580
8571 8573
8571 8580
8573 8576
8573 8576
8566 8580
8566 8580
8577 8580
8577 8580
8561 8608
8580 8582
8580 8585
8580 8585
8580 8585
8580 8608
8585 8587
8585 8588
8585 8608
8588 8590
8588 8593
8590 8593
8588 8593
8585 8608
8593 8608
8593 8601
8595 8597
8593 8601
8597 8600
8597 8600
8585 8601
8585 8608
8601 8608
8601 8608
8601 8608
8601 8608
8601 8608
8601 8608
8521 8610
8608 8610
8521 8677
8610 8612
8610 8619
8612 8614
8610 8619
8614 8619
8614 8619
8614 8619
8610 8619
8610 8677
8619 8677
8619 8677
8621 8623
8619 8624
8619 8677
8624 8633
8624 8627
8624 8633
8627 8633
8627 8633
8624 8633
8624 8633
8624 8633
8610 8677
8633 8638
8633 8638
8633 8638
8636 8638
8610 8677
8638 8641
8638 8641
8638 8659
8638 8643
8638 8644
8638 8659
8644 8646
8644 8648
8644 8648
8638 8652
8638 8652
8649 8652
8638 8652
8610 8659
8652 8654
8610 8659
8654 8659
8654 8659
8656 8659
8654 8659
8610 8677
8659 8665
8659 8665
8659 8663
8659 8665
8659 8665
8659 8668
8665 8668
8665 8668
8610 8677
8668 8672
8668 8672
8670 8672
8610 8677
8672 8674
8672 8677
8674 8677
8672 8677
8521 9012
8677 8681
8677 8681
8677 8681
8677 8687
8681 8686
8681 8684
8677 8686
8684 8686
8677 8687
8677 8691
8687 8689
8687 8691
8689 8691
8677 8735
8691 8702
8691 8694
8691 8698
8694 8696
8691 8698
8696 8698
8691 8702
8698 8702
8698 8701
8691 8702
8691 8721
8702 8711
8702 8705
8702 8711
8702 8711
8706 8711
8706 8709
8702 8711
8702 8711
8677 8721
8711 8714
8711 8714
8711 8721
8711 8721
8715 8717
8711 8721
8717 8721
8717 8721
8711 8721
8677 8735
8721 8724
8722 8724
8721 8735
8724 8735
8721 8735
8726 8733
8726 8733
8726 8730
8721 8733
8730 8733
8731 8733
8721 8734
8677 8735
8677 8816
8735 8737
8735 8742
8737 8742
8737 8742
8735 8742
8735 8742
8735 8816
8742 8746
8742 8746
8742 8746
8742 8757
8746 8748
8742 8749
8742 8750
8742 8757
8750 8757
8750 8757
8750 8755
8750 8755
8742 8757
8742 8757
8742 8776
8757 8768
8757 8760
8757 8768
8757 8764
8761 8764
8757 8764
8757 8768
8764 8768
8765 8768
8765 8768
8735 8776
8768 8776
8769 8776
8769 8776
8771 8776
8771 8774
8769 8776
8774 8776
8735 8816
8776 8779
8776 8779
8776 8782
8779 8781
8776 8782
8776 8790
8782 8790
8782 8790
8782 8790
8782 8790
8782 8790
8782 8790
8782 8790
8677 8816
8790 8792
8790 8793
8790 8816
8790 8795
8790 8796
8790 8816
8796 8801
8796 8801
8790 8801
8790 8801
8790 8807
8790 8807
8802 8807
8802 8807
8790 8807
8805 8807
8790 8816
8807 8812
8807 8810
8807 8812
8810 8812
8790 8816
8812 8816
8812 8816
8812 8816
8677 9012
8816 8818
8816 8879
8816 8879
8819 8823
8819 8823
8819 8823
8816 8825
8823 8825
8816 8853
8825 8828
8825 8828
8816 8829
8816 8853
8829 8832
8829 8832
8816 8853
8832 8834
8832 8835
8832 8837
8835 8837
8816 8853
8837 8841
8837 8841
8837 8841
8837 8853
8841 8843
8816 8853
8843 8847
8843 8846
8816 8847
8816 8853
8847 8853
8848 8853
8848 8853
8816 8853
8851 8853
8816 8879
8853 8855
8853 8879
8855 8860
8855 8860
8855 8860
8855 8860
8853 8879
8860 8864
8861 8864
8861 8864
8853 8879
8864 8879
8864 8879
8864 8879
8864 8870
8864 8870
8864 8879
8870 8879
8864 8879
8864 8874
8864 8879
8874 8877
8874 8877
8853 8879
8877 8879
8816 8897
8879 8882
8879 8882
8879 8897
8879 8897
8883 8890
8879 8886
8879 8890
8886 8890
8879 8890
8879 8890
8879 8897
8890 8892
8890 8897
8890 8897
8890 8897
8894 8897
8890 8897
8816 8907
8897 8901
8897 8901
8897 8901
8897 8907
8901 8904
8901 8904
8897 8907
8904 8907
8904 8907
8816 9012
8907 8937
8908 8910
8907 8911
8907 8937
8911 8937
8912 8915
8912 8915
8911 8937
8907 8937
8907 8920
8917 8920
8907 8920
8907 8937
8920 8922
8920 8924
8920 8924
8907 8926
8907 8926
8907 8937
8926 8932
8926 8929
8907 8932
8929 8932
8929 8932
8907 8937
8932 8937
8932 8935
8932 8937
8907 8937
8907 8991
8937 8940
8937 8940
8937 8956
8940 8943
8940 8943
8937 8944
8937 8956
8944 8948
8945 8948
8944 8948
8937 8956
8948 8950
8948 8953
8948 8953
8948 8953
8937 8956
8953 8956
8953 8956
8907 8991
8956 8966
8957 8959
8956 8960
8956 8966
8960 8962
8960 8965
8960 8965
8960 8965
8907 8966
8907 8991
8966 8968
8966 8975
8968 8970
8966 8975
8970 8975
8966 8973
8966 8975
8973 8975
8966 8991
8975 8977
8975 8991
8975 8991
8975 8991
8975 8982
8975 8982
8975 8991
8982 8985
8982 8985
8975 8991
8985 8988
8985 8988
8975 8991
8988 8991
8988 8991
8677 9012
8991 9012
8992 8997
8991 8997
8991 8997
8991 8997
8991 9012
8997 9000
8997 9000
8991 9012
9000 9003
9000 9003
8991 9012
9003 9006
9003 9006
8991 9012
9006 9012
9006 9012
9006 9012
9006 9012
8991 9012
8521 9440
9012 9015
9012 9015
9012 9304
9015 9021
9015 9021
9015 9021
9015 9021
9015 9021
9012 9046
9021 9023
9021 9033
9023 9033
9023 9033
9023 9033
9021 9033
9021 9033
9021 9033
9021 9031
9021 9033
9031 9033
9012 9046
9033 9035
9033 9046
9033 9037
9033 9046
9037 9042
9037 9042
9033 9042
9040 9042
9033 9046
9042 9046
9042 9046
9042 9046
9012 9068
9046 9048
9046 9051
9046 9051
9046 9051
9046 9068
9051 9053
9051 9055
9051 9055
9046 9068
9055 9062
9055 9062
9055 9062
9055 9062
9059 9062
9055 9062
9046 9068
9062 9068
9063 9068
9062 9066
9062 9068
9066 9068
9012 9304
9068 9070
9068 9304
9070 9072
9070 9091
9072 9074
9072 9080
9072 9076
9072 9080
9076 9080
9072 9080
9072 9080
9070 9091
9080 9091
9080 9091
9080 9091
9080 9091
9080 9091
9080 9089
9080 9089
9080 9089
9070 9090
9070 9091
9012 9304
9091 9094
9091 9094
9091 9107
9091 9107
9095 9107
9091 9107
9091 9099
9091 9107
9091 9107
9091 9103
9101 9103
9091 9107
9103 9107
9103 9107
9103 9107
9091 9304
9107 9109
9107 9129
9109 9112
9109 9112
9107 9115
9112 9115
9112 9115
9107 9129
9115 9117
9115 9118
9115 9129
9115 9129
9119 9121
9115 9129
9115 9124
9115 9124
9115 9129
9115 9129
9125 9129
9125 9129
9127 9129
9107 9147
9129 9139
9130 9139
9130 9134
9130 9134
9129 9139
9129 9139
9129 9139
9136 9139
9137 9139
9107 9147
9139 9147
9140 9147
9140 9147
9140 9145
9140 9145
9139 9147
9145 9147
9091 9198
9147 9150
9147 9150
9147 9151
9147 9198
9151 9154
9151 9154
9151 9162
9151 9162
9155 9162
9155 9162
9157 9162
9151 9162
9151 9162
9147 9162
9147 9198
9162 9168
9162 9168
9162 9168
9165 9168
9162 9168
9147 9172
9168 9172
9168 9172
9168 9172
9147 9198
9172 9174
9172 9178
9174 9176
9174 9178
9176 9178
9147 9198
9178 9182
9178 9182
9178 9182
9147 9198
9147 9198
9183 9191
9183 9191
9183 9191
9183 9191
9183 9191
9188 9191
9183 9191
9012 9198
9191 9193
9191 9198
9193 9198
9193 9198
9191 9198
9191 9198
9012 9304
9198 9201
9198 9201
9198 9211
9198 9211
9202 9207
9202 9207
9198 9207
9198 9207
9198 9211
9207 9211
9207 9211
9209 9211
9198 9278
9211 9215
9211 9215
9211 9215
9211 9219
9215 9217
9211 9219
9217 9219
9198 9251
9219 9223
9219 9223
9219 9223
9219 9225
9223 9225
9198 9251
9225 9227
9198 9251
9227 9231
9228 9231
9228 9231
9198 9234
9231 9234
9231 9234
9198 9251
9234 9238
9234 9238
9234 9238
9234 9251
9238 9241
9238 9241
9238 9251
9241 9251
9238 9251
9243 9251
9243 9246
9234 9251
9234 9251
9247 9249
9234 9251
9249 9251
9198 9278
9251 9254
9251 9254
9251 9267
9254 9256
9251 9267
9256 9261
9256 9260
9256 9260
9256 9261
9251 9267
9261 9265
9261 9265
9261 9265
9251 9267
9265 9267
9012 9278
9267 9269
9267 9278
9267 9278
9270 9274
9270 9274
9270 9274
9267 9278
9274 9276
9267 9278
9267 9278
9012 9304
9278 9280
9278 9304
9280 9284
9280 9284
9280 9284
9278 9299
9284 9286
9278 9299
9286 9292
9286 9289
9278 9292
9289 9292
9289 9292
9278 9299
9292 9299
9278 9299
9294 9299
9294 9299
9294 9299
9278 9299
9278 9304
9299 9304
9299 9304
9299 9304
9299 9304
8521 9440
9304 9306
9304 9314
9306 9310
9306 9310
9304 9310
9304 9314
9310 9312
9304 9314
9312 9314
9304 9324
9314 9316
9314 9324
9316 9318
9314 9324
9318 9320
9304 9324
9320 9324
9321 9324
9320 9324
9304 9328
9324 9328
9324 9327
9324 9328
9304 9412
9328 9331
9328 9331
9328 9332
9328 9412
9332 9347
9332 9339
9332 9339
9332 9337
9332 9339
9337 9339
9332 9340
9332 9347
9340 9347
9341 9346
9340 9346
9332 9346
9344 9346
9328 9347
9304 9412
9347 9350
9347 9350
9347 9353
9347 9353
9347 9353
9347 9361
9347 9361
9354 9361
9355 9361
9355 9361
9355 9361
9354 9361
9359 9361
9304 9384
9361 9374
9361 9366
9361 9366
9361 9366
9361 9374
9366 9368
9361 9369
9361 9374
9369 9371
9361 9374
9371 9374
9371 9374
9304 9384
9374 9377
9374 9377
9374 9384
9377 9384
9378 9380
9377 9384
9380 9382
9377 9384
9377 9384
9304 9412
9384 9391
9384 9391
9384 9389
9384 9389
9384 9391
9389 9391
9304 9412
9391 9394
9391 9394
9391 9412
9394 9397
9394 9397
9394 9412
9391 9412
9391 9412
9391 9412
9400 9402
9391 9405
9402 9405
9391 9405
9391 9412
9405 9407
9391 9412
9407 9409
9407 9412
9409 9412
9409 9412
9304 9440
9412 9416
9412 9416
9414 9416
9412 9440
9416 9423
9416 9420
9416 9420
9416 9423
9420 9423
9420 9423
9412 9440
9423 9425
9412 9440
9425 9433
9426 9433
9425 9433
9428 9433
9425 9433
9425 9433
9431 9433
9412 9440
9433 9440
9433 9436
9433 9440
9436 9440
9433 9440
9433 9440
7092 -1
9440 9447
9440 9447
9440 9447
9440 9447
9440 9447
9440 9447
9440 9463
9447 9449
9447 9451
9447 9451
9447 9463
9451 9455
9451 9455
9451 9455
9440 9463
9455 9463
9455 9463
9455 9463
9455 9463
9455 9463
9455 9463
9461 9463
9440 9509
9463 9465
9463 9468
9465 9467
9463 9468
9463 9509
9468 9509
9468 9484
9468 9484
9468 9484
9468 9474
9468 9476
9468 9476
9468 9479
9476 9479
9476 9479
9468 9484
9479 9481
9463 9484
9481 9484
9482 9484
9463 9509
9484 9487
9484 9487
9484 9499
9484 9499
9484 9494
9484 9494
9484 9492
9484 9494
9492 9494
9463 9499
9494 9499
9494 9499
9494 9499
9494 9499
9440 9509
9440 9509
9500 9502
9500 9509
9500 9506
9500 9506
9500 9506
9500 9509
9506 9509
9500 9509
9440 -1
9509 9515
9509 9515
9509 9515
9509 9515
9509 9515
9509 9519
9515 9517
9509 9519
9517 9519
9509 9524
9519 9524
9519 9524
9519 9524
9519 9524
9509 9590
9524 9526
9524 9529
9524 9529
9524 9529
9524 9566
9529 9531
9524 9566
9531 9534
9531 9534
9531 9566
9534 9536
9534 9543
9531 9542
9537 9542
9531 9542
9539 9542
9531 9542
9524 9543
9524 9566
9543 9545
9543 9548
9543 9548
9543 9548
9524 9566
9548 9551
9548 9551
9509 9566
9551 9553
9551 9557
9553 9557
9551 9557
9551 9557
9509 9566
9557 9561
9557 9561
9557 9561
9509 9566
9561 9563
9561 9565
9561 9565
9509 9566
9509 9590
9566 9569
9566 9569
9566 9590
9569 9572
9569 9572
9569 9575
9572 9575
9572 9575
9569 9586
9575 9580
9575 9578
9575 9580
9578 9580
9569 9586
9580 9582
9580 9586
9582 9586
9582 9586
9580 9586
9509 9590
9586 9590
9586 9590
9586 9590
9509 9741
9590 9593
9590 9593
9590 9604
9593 9595
9590 9604
9595 9597
9590 9604
9597 9600
9597 9600
9590 9604
9590 9604
9601 9604
9601 9604
9590 9610
9604 9606
9604 9610
9606 9610
9606 9610
9604 9610
9590 9635
9610 9612
9610 9623
9612 9623
9612 9623
9614 9617
9612 9617
9610 9623
9617 9623
9617 9623
9610 9623
9620 9623
9620 9623
9590 9635
9623 9627
9623 9627
9623 9627
9623 9635
9627 9629
9627 9635
9629 9635
9629 9635
9629 9635
9632 9635
9632 9635
9509 9666
9635 9640
9635 9638
9635 9640
9635 9640
9635 9650
9640 9642
9640 9650
9642 9644
9635 9645
9635 9650
9635 9650
9646 9650
9635 9650
9648 9650
9635 9666
9650 9652
9650 9655
9650 9654
9650 9655
9650 9666
9655 9657
9655 9662
9657 9662
9655 9662
9659 9662
9659 9662
9635 9666
9662 9666
9662 9666
9662 9666
9509 9741
9666 9673
9666 9669
9666 9673
9669 9673
9670 9673
9666 9673
9666 9713
9673 9677
9673 9677
9675 9677
9666 9678
9666 9713
9678 9680
9678 9692
9678 9692
9681 9684
9678 9684
9678 9686
9684 9686
9666 9692
9686 9688
9686 9692
9688 9692
9689 9692
9688 9692
9666 9713
9692 9695
9692 9695
9692 9696
9692 9713
9696 9699
9696 9699
9692 9713
9699 9713
9700 9705
9700 9705
9700 9705
9699 9705
9692 9713
9705 9710
9705 9710
9705 9709
9705 9710
9666 9713
9710 9713
9710 9713
9666 9741
9713 9715
9713 9720
9713 9720
9716 9720
9713 9720
9713 9720
9509 9741
9720 9741
9721 9728
9721 9728
9720 9728
9720 9726
9720 9728
9720 9728
9720 9740
9728 9731
9728 9731
9720 9740
9731 9735
9731 9735
9731 9735
9720 9740
9735 9740
9736 9740
9735 9740
9735 9740
9440 9741
9440 9984
9741 9845
9742 9744
9742 9746
9744 9746
9741 9762
9746 9748
9746 9758
9746 9751
9746 9751
9746 9758
9746 9758
9746 9754
9741 9758
9754 9758
9754 9757
9741 9758
9741 9762
9758 9760
9758 9762
9760 9762
9741 9815
9762 9770
9762 9766
9762 9766
9762 9770
9762 9770
9767 9770
9762 9770
9762 9776
9770 9776
9771 9774
9770 9774
9762 9776
9774 9776
9741 9783
9776 9783
9777 9783
9776 9783
9776 9783
9776 9783
9776 9783
9741 9802
9783 9789
9783 9789
9783 9789
9783 9788
9783 9789
9783 9802
9789 9802
9789 9795
9791 9795
9789 9795
9789 9795
9783 9802
9795 9797
9795 9802
9797 9802
9795 9802
9799 9801
9783 9802
9741 9815
9802 9805
9802 9805
9802 9815
9802 9807
9802 9815
9807 9810
9802 9810
9802 9815
9810 9815
9802 9815
9812 9815
9813 9815
9741 9845
9815 9820
9815 9820
9815 9820
9815 9820
9815 9845
9820 9824
9820 9824
9820 9824
9820 9825
9820 9845
9825 9827
9825 9845
9827 9829
9827 9838
9825 9838
9825 9838
9831 9833
9820 9838
9833 9838
9834 9838
9833 9838
9836 9838
9820 9845
9838 9840
9838 9842
9838 9842
9820 9845
9842 9845
9842 9845
9440 9984
9845 9848
9845 9848
9845 9849
9845 9860
9849 9851
9849 9860
9849 9860
9852 9854
9845 9860
9854 9856
9854 9860
9856 9860
9857 9860
9856 9860
9845 9865
9860 9862
9860 9865
9862 9865
9862 9865
9845 9984
9865 9868
9865 9868
9865 9870
9865 9870
9865 9878
9870 9878
9870 9873
9870 9878
9873 9878
9874 9878
9870 9878
9876 9878
9865 9984
9878 9880
9878 9932
9880 9882
9880 9893
9882 9884
9880 9893
9884 9893
9884 9890
9884 9890
9884 9890
9880 9890
9880 9893
9890 9893
9890 9893
9865 9905
9893 9897
9893 9897
9893 9897
9893 9898
9893 9905
9898 9905
9898 9901
9898 9905
9901 9905
9901 9905
9903 9905
9865 9932
9905 9915
9905 9915
9905 9910
9905 9910
9905 9915
9905 9915
9905 9915
9905 9915
9913 9915
9905 9932
9915 9917
9915 9920
9917 9920
9917 9920
9915 9932
9920 9929
9920 9923
9920 9929
9920 9929
9924 9926
9915 9929
9926 9928
9915 9929
9865 9932
9929 9931
9929 9932
9440 9984
9932 9934
9932 9935
9932 9943
9935 9937
9932 9943
9937 9943
9937 9943
9932 9943
9932 9943
9932 9943
9932 9984
9943 9946
9943 9946
9943 9984
9946 9952
9946 9949
9946 9952
9946 9952
9946 9952
9943 9984
9952 9956
9952 9955
9952 9956
9952 9958
9952 9958
9952 9971
9958 9961
9958 9961
9958 9964
9961 9964
9961 9964
9952 9971
9964 9966
9952 9971
9966 9968
9966 9971
9968 9971
9966 9971
9932 9984
9971 9976
9971 9976
9971 9976
9971 9976
9971 9984
9971 9984
9971 9984
9978 9984
9978 9984
9971 9984
9981 9984
9971 9984
9440 -1
9984 9986
9984 9989
9986 9989
9986 9989
9984 -1
9989 -1
9990 9994
9989 9994
9989 9994
9989 10000
9994 9998
9994 9998
9994 9998
9989 10000
9998 10000
9984 -1
