6783
27644
16649
6137
2814
16075
15136
11168
8578
11757
8035
8646
340
3711
19008
8551
7312
2206
13320
1412
7411
14147
8808
7553
22060
19024
862
14223
687
4410
3514
7068
3379
4613
8783
7810
4860
811
16717
1491
9625
30620
14529
25409
4749
10042
23322
10075
6166
2678
5950
16606
960
23351
21828
5543
12174
10787
16722
6149
14045
8971
3450
8642
22579
4150
16466
2298
16489
5411
3518
11743
731
12049
10020
13001
18729
2863
20600
19581
25012
7721
2282
8215
7273
12836
22579
10458
3461
6708
1298
31427
16533
3546
5972
302
3261
25724
1174
7150
13835
18124
11604
2818
6137
787
12457
7162
4359
6151
15116
6791
5350
1319
4813
25223
25939
7068
3674
6979
17246
21591
17162
13942
1480
6900
10734
15382
15303
439
12312
10178
19742
7297
16934
17533
8961
17621
574
2089
6849
1475
24907
17322
17579
5760
1959
5711
4759
11226
8929
5535
16443
26226
848
7006
11433
2449
14636
12968
4109
11018
7572
3982
7908
21799
15373
16784
11972
3275
5128
21027
23164
10084
25816
20055
133
8933
3474
4458
7982
11223
499
7991
10617
7514
22064
3778
20941
2628
8248
1199
4118
28923
5972
15817
1182
10431
22687
10620
13042
13213
524
5212
627
8253
3684
12028
6731
22856
2312
5557
1111
20916
4602
3343
16462
1099
6637
25038
14152
338
4074
6401
5960
11604
23310
8311
6022
575
18124
13110
390
15054
783
24080
737
15375
17020
14352
17209
16934
11636
12560
12937
17028
25558
15633
26418
24851
1651
9173
17229
4606
29164
1754
7750
24268
2135
4357
6750
10756
10730
5852
2037
31442
7375
26411
5155
20744
5257
960
1539
21625
5705
5148
5707
17842
11718
8147
7641
9807
11508
10136
8122
9082
18947
9592
13901
12601
7195
16857
22684
10084
13664
2188
7580
1292
2819
17672
8793
9234
4257
24535
2194
8024
4762
4082
10139
1951
6498
5687
15481
2542
10228
18121
6739
9442
17775
3105
12446
8069
247
4915
7155
11300
22581
18079
12459
4842
3063
16580
25039
9329
9660
1019
14632
15405
3846
2469
18354
10711
17118
12601
17492
8595
9531
26668
20506
4615
20850
4627
7801
1911
8547
9553
19308
24801
12148
6679
12700
335
7652
8445
6552
1302
16720
10501
6046
16251
8402
3135
7147
151
14888
11875
9494
11618
1843
13452
5381
29592
6989
20108
20766
1269
12134
22647
1148
17790
17633
22031
21927
21915
19220
5479
17804
775
24334
9727
12067
21124
7485
6143
11596
8223
835
5109
17588
21759
4174
11291
26927
22913
4157
3695
3013
9041
16272
19679
11002
13572
14619
4502
6498
15126
11701
3060
9859
15090
13952
11229
9623
20879
6534
9613
8565
13807
4947
6842
8131
1392
14599
19670
11450
6172
23938
2073
2505
12240
18804
15724
8486
2361
8967
21828
5342
7421
26643
13615
9658
11315
5354
3794
5323
5843
21701
3052
14418
10806
8438
3761
11836
6354
15782
7401
23316
685
14160
5568
28858
2993
26543
14977
2369
17867
14300
9482
7441
1589
7733
22069
24721
10674
307
2258
13637
17079
9904
13465
2750
15860
6912
1292
3234
5438
9941
30865
14599
11381
26038
5638
22450
11812
21804
13372
14807
3980
8971
10280
7638
1032
14597
23398
25586
5261
4002
3687
23635
8353
8725
5831
22904
17198
9988
20158
23356
15241
15707
16248
17560
26796
23515
7942
28497
8849
963
3271
30793
7353
5941
17888
15514
7611
3094
10258
13686
27962
723
615
12713
17546
23715
2340
10307
11872
6610
17527
26287
861
9985
723
8992
19098
17834
10503
27544
9703
17551
3526
947
4757
2130
9582
10356
8660
14359
5058
18995
3385
7469
7182
1248
14654
6360
11396
14556
17368
4194
10298
2401
10884
27780
4837
10292
9597
15535
3523
22910
18937
15827
27508
2570
9545
11875
11798
4556
23593
3201
11334
19319
14817
25894
18540
5206
3438
9842
31825
9259
4724
11139
16278
6275
20928
11298
7982
13102
3220
15915
17282
10431
11544
2466
1298
28051
6190
17212
1813
11146
4937
6712
8671
8829
12342
17301
5884
17450
20180
7460
15263
7317
20948
5082
4987
357
18371
17435
6695
8335
21278
15166
16243
331
25576
16350
15335
20619
12229
8120
6060
5960
5925
13869
21973
12717
8016
17851
9067
16635
17732
16828
1662
2126
2327
2435
27286
12207
29771
16183
760
14735
3164
310
7566
9739
7614
5729
10528
5426
6194
5078
1822
6013
29038
3944
9553
3995
6020
14549
1525
5906
24308
9631
495
24733
9655
7016
3114
4601
22015
3882
1807
1906
2961
1635
12386
14518
18872
9025
12816
17629
3931
7388
15524
21595
19763
4016
12753
1695
17827
10794
5854
23719
2086
5903
18285
13762
7783
26065
15717
12313
197
714
5700
1248
23258
16594
4287
998
8164
9658
26816
3214
10907
26876
24007
15952
5702
14112
8219
20781
5058
15241
25285
11866
27243
9286
2375
120
21214
756
3002
5936
5396
13457
16350
9952
6891
1780
5603
16430
20807
17366
3583
17347
19804
7297
21165
14698
1245
12828
30925
10588
2928
13780
3846
22093
29638
7053
4958
7355
5648
5711
14390
2273
1007
10775
15412
19183
11619
12026
22288
2340
9047
17265
15256
26023
7544
5500
2720
28668
23388
17899
5174
11974
6932
11558
4678
11485
5470
2842
2226
3281
43
24275
19501
9461
2338
12655
24358
18647
1255
7550
11142
7779
13515
6601
1973
5242
5120
6898
3551
12869
26957
11842
9418
28134
23804
9869
20261
20919
2673
16693
7055
2671
24680
2013
20184
3074
8548
741
6302
14375
672
20154
10884
749
27726
24236
24960
6869
9524
9016
376
1159
2799
3307
938
16383
27475
5549
13213
961
2932
17391
23649
12644
14825
3395
1918
20249
13176
7868
24308
14167
19643
28892
11081
5698
22964
11601
3135
1106
1353
16276
21458
4166
3653
2723
12235
23322
4604
4739
6135
7728
7180
2076
2346
10852
7876
12420
26902
2947
9305
9000
12587
27143
31438
23481
10536
13697
1717
31177
228
1295
10380
11481
16133
8680
12528
13708
5895
10357
26600
10623
5227
17742
24491
22858
5044
53
25395
7514
20700
27526
15220
19516
3568
8422
1337
20002
16070
7
338
16284
15446
15905
4239
2925
10831
