1111
61
16559
26144
12803
12665
2187
3750
20954
7338
477
228
10259
18807
5107
7680
11579
1596
20230
473
2747
22242
11982
5475
2611
415
2727
24879
1732
4950
23600
1832
15364
11423
297
12458
10185
6261
12593
1985
3923
7187
13170
764
11773
3739
9682
7548
3199
7927
26592
934
10038
15240
22525
4345
4045
20796
10937
1083
192
17426
4197
1233
882
23344
581
6375
12152
20825
6413
9746
9101
4134
24253
15800
12563
14879
7892
5312
13290
709
2572
12137
3589
6409
18777
14831
24183
5698
3603
7912
8271
8490
19069
10564
22892
11825
12181
22521
