1463
3962
14935
19403
826
6748
18891
22519
12735
5061
17534
325
13680
15324
7750
2444
6465
6553
8513
25470
6111
64
6631
3857
17983
16960
11070
25130
20181
640
7432
2732
8975
1730
23394
13901
54
2382
18158
15471
10599
4031
10831
22309
30252
9685
9649
2563
8786
3941
23329
45
7273
7366
3243
15397
16236
6124
15830
19230
20606
26466
9331
26314
23082
20447
14480
23290
4257
14081
28015
31213
3240
2899
21149
9557
12449
5714
4878
21517
2342
18594
11797
2211
14203
6526
4455
26727
19463
11668
21313
4010
9572
7027
16211
1086
693
24079
3229
16210
